[100, 20]
[100, 21]
[100, 20]
[100, 21]
[100, 22]
[100, 23]
[99, 23]
[99, 24]
[99, 25]
[99, 26]
[99, 27]
[99, 28]
[99, 29]
[99, 30]
[99, 31]
[99, 32]
[99, 33]
[99, 34]
[99, 33]
[99, 34]
[99, 35]
[99, 36]
[99, 37]
[99, 38]
[99, 39]
[99, 40]
[99, 41]
[99, 42]
[99, 43]
[99, 44]
[99, 45]
[99, 46]
[99, 47]
[98, 47]
[98, 48]
[98, 49]
[98, 50]
[98, 51]
[98, 52]
[98, 53]
[98, 54]
[98, 55]
[98, 56]
[97, 56]
[97, 57]
[97, 56]
[97, 57]
[97, 58]
[97, 59]
[97, 60]
[97, 61]
[97, 62]
[97, 63]
[97, 64]
[97, 65]
[97, 66]
[97, 67]
[97, 68]
[97, 69]
[97, 68]
[97, 69]
[97, 70]
[96, 70]
[96, 71]
[96, 72]
[96, 73]
[96, 74]
[96, 75]
[95, 75]
[96, 75]
[96, 76]
[96, 77]
[96, 78]
[96, 79]
[96, 80]
[96, 81]
[96, 82]
[96, 83]
[96, 84]
[96, 85]
[97, 85]
[97, 86]
[97, 87]
[97, 88]
[97, 89]
[97, 90]
[97, 91]
[97, 92]
[97, 93]
[97, 94]
[97, 95]
[97, 96]
[97, 97]
[98, 97]
[98, 98]
[98, 99]
[98, 100]
[98, 101]
[98, 102]
[98, 103]
[98, 104]
[98, 105]
[98, 106]
[98, 107]
[98, 108]
[98, 109]
[98, 110]
[98, 111]
[98, 110]
[98, 111]
[98, 112]
[98, 113]
[98, 114]
[98, 115]
[98, 116]
[98, 117]
[98, 118]
[98, 119]
[98, 120]
[98, 121]
[99, 121]
[99, 122]
[99, 123]
[99, 124]
[99, 125]
[99, 126]
[99, 127]
[100, 127]
[100, 128]
[100, 129]
[100, 130]
[100, 131]
[100, 132]
[100, 133]
[100, 134]
[100, 135]
[100, 136]
[100, 137]
[100, 138]
[100, 139]
[100, 140]
[100, 141]
[100, 142]
[100, 143]
[100, 144]
[100, 145]
[100, 146]
[100, 147]
[100, 148]
[100, 149]
[100, 150]
[100, 151]
[99, 151]
[99, 152]
[99, 153]
[99, 154]
[99, 155]
[99, 156]
[99, 157]
[99, 158]
[99, 159]
[99, 160]
[99, 161]
[99, 162]
[99, 163]
[99, 164]
[99, 165]
[99, 166]
[99, 167]
[99, 168]
[99, 169]
[99, 170]
[99, 171]
[99, 172]
[99, 173]
[99, 172]
[99, 173]
[99, 174]
[99, 175]
[99, 176]
[99, 177]
[99, 178]
[99, 179]
[99, 180]
[99, 181]
[99, 182]
[99, 183]
[99, 184]
[99, 185]
[99, 186]
[99, 187]
[99, 188]
[99, 189]
[99, 190]
[99, 191]
[99, 192]
[99, 193]
[99, 192]
[99, 193]
[99, 194]
[99, 195]
[99, 196]
[99, 197]
[98, 197]
[98, 198]
[98, 199]
[98, 200]
[99, 200]
[99, 201]
[99, 202]
[99, 203]
[99, 204]
[99, 205]
[99, 206]
[99, 207]
[99, 208]
[99, 209]
[99, 210]
[99, 211]
[99, 212]
[99, 213]
[99, 214]
[99, 215]
[99, 216]
[99, 217]
[99, 218]
[99, 219]
[99, 220]
[99, 221]
[98, 221]
[97, 221]
[96, 221]
[95, 221]
[94, 221]
[93, 221]
[92, 221]
[91, 221]
[90, 221]
[89, 221]
[88, 221]
[87, 221]
[86, 221]
[85, 221]
[84, 221]
[85, 221]
[84, 221]
[83, 221]
[82, 221]
[81, 221]
[82, 221]
[81, 221]
[80, 221]
[79, 221]
[78, 221]
[77, 221]
[76, 221]
[75, 221]
[74, 221]
[73, 221]
[73, 222]
[74, 222]
[74, 223]
[74, 224]
[74, 225]
[74, 226]
[73, 226]
[72, 226]
[71, 226]
[70, 226]
[69, 226]
[68, 226]
[67, 226]
[66, 226]
[65, 226]
[64, 226]
[63, 226]
[62, 226]
[61, 226]
[60, 226]
[59, 226]
[58, 226]
[57, 226]
[56, 226]
[55, 226]
[54, 226]
[53, 226]
[52, 226]
[51, 226]
[50, 226]
[49, 226]
[50, 226]
[49, 226]
[48, 226]
[47, 226]
[46, 226]
[45, 226]
[44, 226]
[43, 226]
[42, 226]
[41, 226]
[40, 226]
[39, 226]
[38, 226]
[37, 226]
[36, 226]
[35, 226]
[34, 226]
[33, 226]
[32, 226]
[31, 226]
[30, 226]
[29, 226]
[28, 226]
[27, 226]
[26, 226]
[25, 226]
[24, 226]
[23, 226]
[22, 226]
[21, 226]
[20, 226]
[19, 226]
[18, 226]
[17, 226]
[17, 227]
[18, 227]
[17, 227]
[16, 227]
[15, 227]
[14, 227]
[15, 227]
[14, 227]
[13, 227]
[12, 227]
[12, 226]
[13, 226]
[12, 226]
[11, 226]
[10, 226]
[9, 226]
[8, 226]
[7, 226]
[6, 226]
[5, 226]
[4, 226]
[3, 226]
[2, 226]
[1, 226]
[1, 226]
[1, 226]
[1, 226]
[1, 226]
[1, 226]
[1, 226]
[1, 226]
[1, 226]
[1, 226]
[1, 226]
[1, 226]
[1, 225]
[1, 225]
[1, 225]
[1, 225]
[1, 226]
[1, 226]
[1, 227]
[1, 227]
[1, 227]
[1, 227]
[1, 227]
[1, 227]
[1, 227]
[1, 227]
[1, 227]
[1, 227]
[1, 227]
[1, 227]
[1, 226]
[1, 226]
[1, 226]
[1, 226]
[1, 226]
[1, 226]
[1, 226]
[1, 226]
[1, 226]
[1, 226]
[1, 226]
[1, 226]
[1, 226]
[1, 226]
[1, 226]
[1, 226]
[1, 226]
[1, 226]
[1, 225]
[1, 225]
[1, 225]
[1, 225]
[1, 225]
[1, 225]
[1, 225]
[1, 225]
[1, 225]
[1, 225]
[1, 225]
[1, 225]
[1, 225]
[1, 225]
[1, 225]
[1, 225]
[1, 225]
[1, 225]
[1, 225]
[1, 225]
[1, 225]
[1, 225]
[1, 225]
[2, 225]
[1, 225]
[1, 225]
[1, 225]
[1, 225]
[1, 225]
[1, 225]
[1, 225]
[1, 225]
[1, 225]
[1, 225]
[1, 225]
[1, 225]
[1, 225]
[1, 225]
[1, 225]
[1, 225]
[1, 225]
[1, 225]
[1, 225]
[1, 225]
[1, 225]
[1, 225]
[1, 225]
[1, 225]
[1, 225]
[1, 225]
[1, 226]
[1, 226]
[1, 226]
[1, 226]
[1, 226]
[1, 226]
[1, 225]
[1, 225]
[1, 225]
[1, 225]
[1, 225]
[1, 225]
[1, 225]
[1, 225]
[1, 225]
[1, 225]
[1, 225]
[1, 225]
[1, 225]
[1, 225]
[1, 225]
[1, 225]
[1, 225]
[1, 225]
[1, 225]
[1, 225]
[1, 225]
[1, 225]
[1, 225]
[1, 225]
[1, 225]
[1, 225]
[1, 225]
[1, 225]
[1, 225]
[1, 225]
[1, 225]
[1, 225]
[1, 225]
[2, 225]
[1, 225]
[1, 225]
[1, 225]
[1, 225]
[1, 225]
[1, 225]
[1, 225]
[1, 225]
[1, 225]
[1, 225]
[1, 225]
[1, 225]
[1, 225]
[1, 225]
[1, 225]
[1, 225]
[1, 225]
[2, 225]
[1, 225]
[1, 225]
[1, 225]
[1, 225]
[1, 225]
[1, 224]
[1, 224]
[1, 224]
[1, 224]
[1, 224]
[1, 224]
[1, 224]
[1, 224]
[1, 225]
[2, 225]
[1, 225]
[1, 225]
[1, 225]
[1, 225]
[1, 225]
[1, 225]
[1, 225]
[1, 225]
[1, 225]
[1, 225]
[1, 225]
[1, 225]
[1, 225]
[1, 225]
[1, 226]
[2, 226]
[1, 226]
[1, 226]
[1, 226]
[1, 226]
[2, 226]
[1, 226]
[1, 226]
[1, 226]
[1, 226]
[1, 226]
[1, 226]
[1, 226]
[1, 226]
[1, 226]
[1, 226]
[1, 226]
[1, 226]
[1, 226]
[1, 226]
[1, 226]
[1, 226]
[1, 226]
[1, 226]
[1, 226]
[1, 226]
[1, 226]
[1, 226]
[1, 226]
[1, 226]
[1, 226]
[1, 226]
[1, 226]
[1, 226]
[1, 226]
[2, 226]
[1, 226]
[1, 226]
[1, 226]
[1, 226]
[1, 226]
[1, 226]
[1, 226]
[1, 226]
[1, 226]
[1, 226]
[1, 227]
[1, 228]
[1, 228]
[1, 228]
[1, 228]
[1, 227]
[1, 226]
[1, 226]
[1, 226]
[1, 226]
[1, 226]
[1, 226]
[1, 226]
[1, 226]
[1, 226]
[1, 226]
[1, 226]
[1, 226]
[1, 226]
[1, 226]
[1, 226]
[1, 226]
[1, 226]
[1, 226]
[1, 226]
[1, 226]
[1, 226]
[1, 226]
[1, 226]
[1, 226]
[1, 226]
[1, 226]
[1, 225]
[1, 225]
[1, 225]
[1, 225]
[1, 225]
[1, 225]
[1, 225]
[1, 225]
[1, 225]
[1, 225]
[1, 225]
[1, 225]
[1, 225]
[1, 225]
[1, 225]
[1, 225]
[1, 225]
[1, 225]
[1, 225]
[1, 225]
[1, 225]
[1, 225]
[1, 226]
[1, 226]
[2, 226]
[1, 226]
[1, 226]
[1, 225]
[1, 225]
[1, 225]
[1, 225]
[1, 225]
[1, 225]
[1, 225]
[1, 226]
[1, 226]
[1, 226]
[1, 226]
[1, 226]
[1, 226]
[1, 226]
[1, 226]
[1, 226]
[1, 226]
[1, 226]
[1, 226]
[1, 226]
[1, 226]
[1, 226]
[1, 226]
[1, 226]
[1, 226]
[1, 226]
[1, 226]
[1, 226]
[1, 226]
[1, 226]
[1, 226]
[2, 226]
[1, 226]
[1, 226]
[1, 226]
[1, 226]
[1, 226]
[1, 226]
[1, 226]
[1, 226]
[1, 226]
[1, 226]
[1, 226]
[1, 226]
[1, 226]
[1, 226]
[1, 226]
[1, 226]
[1, 226]
[1, 226]
[1, 226]
[1, 226]
[1, 226]
[1, 225]
[1, 225]
[1, 225]
[2, 225]
[3, 225]
[4, 225]
[5, 225]
[6, 225]
[7, 225]
[8, 225]
[9, 225]
[10, 225]
[11, 225]
[12, 225]
[13, 225]
[14, 225]
[15, 225]
[16, 225]
[17, 225]
[18, 225]
[19, 225]
[20, 225]
[21, 225]
[22, 225]
[23, 225]
[24, 225]
[25, 225]
[26, 225]
[27, 225]
[28, 225]
[29, 225]
[30, 225]
[31, 225]
[32, 225]
[33, 225]
[34, 225]
[35, 225]
[36, 225]
[37, 225]
[38, 225]
[39, 225]
[40, 225]
[41, 225]
[42, 225]
[43, 225]
[44, 225]
[45, 225]
[46, 225]
[47, 225]
[48, 225]
[49, 225]
[50, 225]
[51, 225]
[52, 225]
[53, 225]
[52, 225]
[53, 225]
[54, 225]
[53, 225]
[54, 225]
[55, 225]
[56, 225]
[57, 225]
[58, 225]
[59, 225]
[60, 225]
[61, 225]
[62, 225]
[63, 225]
[62, 225]
[63, 225]
[64, 225]
[65, 225]
[66, 225]
[67, 225]
[67, 226]
[68, 226]
[69, 226]
[70, 226]
[71, 226]
[72, 226]
[73, 226]
[74, 226]
[75, 226]
[76, 226]
[77, 226]
[78, 226]
[79, 226]
[80, 226]
[81, 226]
[82, 226]
[83, 226]
[84, 226]
[85, 226]
[86, 226]
[87, 226]
[88, 226]
[89, 226]
[90, 226]
[90, 225]
[91, 225]
[92, 225]
[92, 226]
[93, 226]
[94, 226]
[95, 226]
[96, 226]
[97, 226]
[98, 226]
[99, 226]
[100, 226]
[101, 226]
[102, 226]
[103, 226]
[104, 226]
[105, 226]
[106, 226]
[107, 226]
[108, 226]
[109, 226]
[110, 226]
[111, 226]
[112, 226]
[113, 226]
[113, 227]
[114, 227]
[115, 227]
[114, 227]
[115, 227]
[116, 227]
[117, 227]
[118, 227]
[119, 227]
[120, 227]
[121, 227]
[122, 227]
[123, 227]
[124, 227]
[125, 227]
[126, 227]
[127, 227]
[128, 227]
[129, 227]
[130, 227]
[131, 227]
[132, 227]
[133, 227]
[134, 227]
[135, 227]
[136, 227]
[137, 227]
[138, 227]
[139, 227]
[140, 227]
[141, 227]
[142, 227]
[143, 227]
[144, 227]
[145, 227]
[146, 227]
[147, 227]
[148, 227]
[149, 227]
[150, 227]
[150, 228]
[151, 228]
[150, 228]
[150, 227]
[151, 227]
[152, 227]
[153, 227]
[154, 227]
[155, 227]
[156, 227]
[157, 227]
[158, 227]
[159, 227]
[160, 227]
[161, 227]
[162, 227]
[163, 227]
[163, 228]
[164, 228]
[165, 228]
[165, 227]
[166, 227]
[167, 227]
[168, 227]
[169, 227]
[170, 227]
[171, 227]
[171, 228]
[172, 228]
[173, 228]
[174, 228]
[175, 228]
[176, 228]
[177, 228]
[177, 229]
[176, 229]
[177, 229]
[178, 229]
[179, 229]
[180, 229]
[181, 229]
[182, 229]
[183, 229]
[184, 229]
[185, 229]
[186, 229]
[187, 229]
[188, 229]
[189, 229]
[190, 229]
[191, 229]
[192, 229]
[193, 229]
[194, 229]
[195, 229]
[196, 229]
[197, 229]
[198, 229]
[199, 229]
[200, 229]
[201, 229]
[202, 229]
[203, 229]
[203, 228]
[204, 228]
[205, 228]
[206, 228]
[207, 228]
[207, 229]
[208, 229]
[209, 229]
[210, 229]
[211, 229]
[212, 229]
[213, 229]
[214, 229]
[215, 229]
[216, 229]
[217, 229]
[218, 229]
[219, 229]
[220, 229]
[221, 229]
[222, 229]
[223, 229]
[223, 230]
[222, 230]
[223, 230]
[224, 230]
[225, 230]
[226, 230]
[227, 230]
[228, 230]
[229, 230]
[230, 230]
[231, 230]
[232, 230]
[232, 229]
[233, 229]
[234, 229]
[235, 229]
[236, 229]
[237, 229]
[238, 229]
[239, 229]
[240, 229]
[240, 230]
[241, 230]
[242, 230]
[243, 230]
[244, 230]
[245, 230]
[246, 230]
[247, 230]
[248, 230]
[249, 230]
[250, 230]
[251, 230]
[252, 230]
[253, 230]
[254, 230]
[255, 230]
[256, 230]
[257, 230]
[258, 230]
[259, 230]
[260, 230]
[261, 230]
[262, 230]
[263, 230]
[264, 230]
[265, 230]
[266, 230]
[267, 230]
[268, 230]
[269, 230]
[268, 230]
[269, 230]
[270, 230]
[271, 230]
[272, 230]
[272, 229]
[273, 229]
[274, 229]
[275, 229]
[275, 228]
[276, 228]
[277, 228]
[278, 228]
[279, 228]
[278, 228]
[279, 228]
[280, 228]
[281, 228]
[282, 228]
[283, 228]
[284, 228]
[285, 228]
[286, 228]
[287, 228]
[288, 228]
[289, 228]
[290, 228]
[291, 228]
[292, 228]
[293, 228]
[294, 228]
[295, 228]
[296, 228]
[297, 228]
[298, 228]
[299, 228]
