[106, 39]
[106, 40]
[106, 41]
[106, 42]
[106, 41]
[106, 42]
[106, 43]
[106, 44]
[106, 45]
[106, 46]
[106, 47]
[106, 48]
[106, 49]
[106, 50]
[106, 51]
[106, 52]
[106, 53]
[106, 54]
[106, 55]
[106, 56]
[106, 57]
[106, 58]
[105, 58]
[105, 59]
[105, 60]
[105, 61]
[105, 62]
[105, 63]
[106, 63]
[106, 62]
[106, 63]
[107, 63]
[108, 63]
[109, 63]
[108, 63]
[109, 63]
[110, 63]
[111, 63]
[112, 63]
[113, 63]
[114, 63]
[115, 63]
[116, 63]
[117, 63]
[118, 63]
[119, 63]
[119, 62]
[119, 63]
[120, 63]
[121, 63]
[122, 63]
[123, 63]
[124, 63]
[124, 62]
[123, 62]
[123, 63]
[124, 63]
[125, 63]
[126, 63]
[126, 62]
[126, 63]
[127, 63]
[128, 63]
[129, 63]
[130, 63]
[131, 63]
[132, 63]
[133, 63]
[134, 63]
[135, 63]
[136, 63]
[137, 63]
[138, 63]
[138, 62]
[138, 63]
[139, 63]
[140, 63]
[141, 63]
[142, 63]
[143, 63]
[144, 63]
[145, 63]
[146, 63]
[147, 63]
[148, 63]
[149, 63]
