[146, 42]
[146, 43]
[146, 44]
[146, 45]
[146, 46]
[146, 47]
[146, 48]
[146, 49]
[146, 50]
[146, 51]
[146, 52]
[146, 53]
[146, 54]
[146, 55]
[146, 56]
[146, 57]
[146, 58]
[145, 58]
[145, 59]
[145, 60]
[145, 61]
[144, 61]
[144, 62]
[144, 63]
[144, 64]
[144, 65]
[144, 66]
[144, 67]
[144, 68]
[144, 69]
[144, 70]
[144, 71]
[144, 72]
[144, 73]
[144, 74]
[144, 75]
[143, 75]
[142, 75]
[141, 75]
[140, 75]
[139, 75]
[138, 75]
[137, 75]
[136, 75]
[135, 75]
[134, 75]
[133, 75]
[132, 75]
[131, 75]
[130, 75]
[129, 75]
[128, 75]
[127, 75]
[126, 75]
[127, 75]
[126, 75]
[126, 76]
[125, 76]
[124, 76]
[123, 76]
[122, 76]
[121, 76]
[120, 76]
[121, 76]
[120, 76]
[121, 76]
[121, 75]
