[28, 60]
[28, 61]
[28, 62]
[28, 63]
[28, 64]
[28, 65]
[28, 66]
[28, 67]
[28, 68]
[28, 69]
[27, 69]
[27, 70]
[27, 71]
[27, 72]
[27, 73]
[27, 74]
[27, 75]
[27, 76]
[27, 77]
[27, 78]
[28, 78]
[28, 79]
[28, 80]
[29, 80]
[29, 79]
[29, 80]
[29, 81]
[29, 82]
[29, 83]
[29, 84]
[29, 85]
[29, 86]
[29, 87]
[29, 88]
[29, 89]
[29, 90]
[29, 91]
[29, 92]
[29, 93]
[29, 94]
[29, 95]
[28, 95]
[28, 96]
[28, 97]
[28, 98]
[28, 99]
[28, 100]
[28, 101]
[28, 102]
[28, 101]
[28, 102]
[29, 102]
[29, 103]
[29, 104]
[29, 105]
[29, 106]
[29, 107]
[29, 108]
[29, 109]
[29, 110]
[29, 111]
[29, 112]
[29, 113]
[29, 114]
[29, 115]
[29, 116]
[29, 117]
[29, 118]
[29, 119]
[29, 118]
[29, 119]
[29, 120]
[29, 121]
[29, 122]
[29, 123]
[29, 124]
[29, 125]
[29, 126]
[29, 127]
[29, 128]
[29, 129]
[29, 130]
[29, 131]
[29, 132]
[29, 133]
[29, 134]
[29, 135]
[29, 136]
[29, 137]
[29, 138]
[29, 137]
[29, 138]
[29, 139]
[29, 140]
[29, 141]
[29, 142]
[29, 143]
[29, 144]
[29, 145]
[29, 146]
[29, 147]
[29, 148]
[29, 149]
[30, 149]
[30, 150]
[30, 151]
[30, 152]
[30, 153]
[30, 154]
[30, 155]
[30, 156]
[30, 157]
[30, 158]
[30, 159]
[30, 160]
[30, 161]
[30, 162]
[30, 163]
[30, 164]
[30, 165]
[30, 166]
[31, 166]
[31, 167]
[31, 168]
[31, 169]
[31, 170]
[31, 171]
[31, 172]
[31, 173]
[31, 174]
[31, 175]
[31, 176]
[31, 177]
[31, 178]
[31, 179]
[31, 180]
[32, 180]
[32, 181]
[32, 182]
[32, 183]
[32, 184]
[32, 185]
[32, 186]
[32, 187]
[32, 188]
[32, 189]
[32, 190]
[32, 191]
[32, 192]
[32, 193]
[32, 194]
[32, 195]
[32, 196]
[32, 197]
[32, 198]
[32, 199]
[32, 200]
[32, 201]
[32, 202]
[32, 203]
[32, 204]
[32, 205]
[32, 206]
[32, 207]
[32, 208]
[32, 209]
[32, 210]
[32, 211]
[32, 212]
[32, 213]
[32, 214]
[32, 215]
[32, 214]
[32, 215]
[32, 216]
[32, 217]
[32, 218]
[32, 219]
[32, 220]
[32, 221]
[32, 222]
[32, 223]
[32, 224]
[32, 225]
[32, 226]
[32, 227]
[32, 228]
[32, 229]
[31, 229]
[31, 230]
[31, 231]
[31, 232]
[31, 233]
[31, 234]
[31, 235]
[31, 236]
[31, 237]
[31, 238]
[31, 239]
[31, 240]
[31, 241]
[31, 242]
[31, 243]
[31, 244]
[32, 244]
[32, 245]
[32, 246]
[32, 247]
[32, 248]
[32, 249]
[32, 250]
[32, 251]
[32, 252]
[32, 253]
[32, 254]
[32, 255]
[32, 256]
[32, 257]
[32, 258]
[32, 259]
[32, 260]
[32, 261]
[32, 262]
[32, 263]
[32, 264]
[32, 263]
[32, 264]
[32, 265]
[32, 266]
[32, 267]
[32, 268]
[32, 269]
[32, 270]
[32, 271]
[32, 272]
[32, 273]
[32, 274]
[32, 275]
[32, 276]
[32, 277]
[32, 278]
[32, 279]
[32, 280]
[32, 281]
[32, 282]
[32, 283]
[32, 284]
[32, 285]
[32, 286]
[32, 287]
[32, 288]
[32, 289]
[32, 290]
[32, 291]
[32, 292]
[32, 293]
[32, 294]
[32, 295]
[32, 296]
[32, 297]
[32, 298]
[32, 299]
