[67, 47]
[67, 48]
[67, 49]
[67, 50]
[67, 51]
[67, 52]
[67, 53]
[67, 54]
[68, 54]
[68, 53]
[68, 54]
[68, 55]
[68, 56]
[68, 57]
[68, 58]
[68, 59]
[68, 60]
[68, 61]
[68, 62]
[68, 63]
[68, 64]
[68, 65]
[68, 66]
[68, 67]
[68, 68]
[68, 69]
[68, 70]
[68, 71]
[68, 72]
[68, 73]
[68, 74]
[68, 75]
[68, 76]
[69, 76]
[69, 77]
[69, 78]
[70, 78]
[71, 78]
[72, 78]
[73, 78]
[74, 78]
[74, 79]
[74, 78]
[74, 79]
[74, 80]
[74, 81]
[74, 82]
[74, 83]
[74, 84]
[74, 85]
[74, 86]
[74, 87]
[74, 88]
[74, 89]
[74, 90]
[74, 91]
[75, 91]
[76, 91]
[77, 91]
[78, 91]
[79, 91]
[79, 92]
[79, 93]
[79, 94]
[79, 95]
[79, 96]
[79, 97]
[79, 98]
[79, 99]
[79, 100]
[79, 101]
[79, 102]
[79, 103]
[79, 104]
[79, 105]
[79, 106]
[79, 107]
[79, 108]
[79, 109]
[79, 110]
[79, 111]
[79, 112]
[79, 113]
[79, 114]
[79, 115]
[79, 116]
[79, 117]
[79, 118]
[79, 119]
[79, 120]
[79, 121]
[79, 122]
[79, 123]
[79, 124]
[79, 125]
[79, 126]
[79, 127]
[79, 128]
[79, 129]
[79, 130]
[79, 131]
[79, 132]
[79, 133]
[79, 134]
[79, 135]
[79, 136]
[80, 136]
[79, 136]
[80, 136]
[81, 136]
[80, 136]
[81, 136]
[81, 135]
[82, 135]
[83, 135]
[84, 135]
[85, 135]
[86, 135]
[87, 135]
[88, 135]
[89, 135]
[90, 135]
[91, 135]
[92, 135]
[93, 135]
[94, 135]
[95, 135]
[96, 135]
[97, 135]
[98, 135]
[99, 135]
[100, 135]
[101, 135]
[102, 135]
[103, 135]
[104, 135]
[105, 135]
[106, 135]
[107, 135]
[108, 135]
[109, 135]
[110, 135]
[111, 135]
[112, 135]
[113, 135]
[114, 135]
[115, 135]
[116, 135]
[117, 135]
[118, 135]
[119, 135]
[120, 135]
[121, 135]
[122, 135]
[123, 135]
[124, 135]
[125, 135]
[126, 135]
[127, 135]
[128, 135]
[129, 135]
[130, 135]
[131, 135]
[132, 135]
[133, 135]
[134, 135]
[134, 136]
[134, 137]
[134, 138]
[134, 139]
[134, 140]
[134, 139]
[134, 140]
[134, 141]
[134, 140]
[134, 141]
[135, 141]
[135, 142]
[135, 143]
[135, 144]
[135, 145]
[135, 146]
[135, 147]
[135, 148]
[135, 149]
[135, 150]
[135, 151]
[135, 152]
[135, 153]
[135, 154]
[135, 155]
[135, 156]
[135, 157]
[135, 158]
[135, 159]
[135, 160]
[135, 161]
[135, 162]
[135, 163]
[135, 164]
[135, 165]
[135, 166]
[135, 167]
[135, 168]
[135, 169]
[135, 170]
[136, 170]
[136, 171]
[137, 171]
[138, 171]
[137, 171]
[137, 172]
[137, 173]
[137, 174]
[137, 175]
[137, 176]
[138, 176]
[139, 176]
[139, 177]
[139, 176]
[140, 176]
[141, 176]
[142, 176]
[143, 176]
[144, 176]
[145, 176]
[146, 176]
[147, 176]
[148, 176]
[148, 177]
[149, 177]
[150, 177]
[151, 177]
[152, 177]
[153, 177]
[154, 177]
[155, 177]
[156, 177]
[157, 177]
[158, 177]
[159, 177]
[160, 177]
[161, 177]
[162, 177]
[163, 177]
[164, 177]
[165, 177]
[166, 177]
[167, 177]
[168, 177]
[169, 177]
[170, 177]
[171, 177]
[172, 177]
[173, 177]
[174, 177]
[175, 177]
[176, 177]
[177, 177]
[178, 177]
[179, 177]
[180, 177]
[181, 177]
[182, 177]
[183, 177]
[184, 177]
[185, 177]
[186, 177]
[187, 177]
[188, 177]
[189, 177]
[190, 177]
[191, 177]
[192, 177]
[193, 177]
[194, 177]
[195, 177]
[196, 177]
[197, 177]
[198, 177]
[199, 177]
[200, 177]
[200, 178]
[201, 178]
[202, 178]
[203, 178]
[204, 178]
[205, 178]
[206, 178]
[207, 178]
[208, 178]
[209, 178]
[210, 178]
[211, 178]
[212, 178]
[213, 178]
[214, 178]
[215, 178]
[216, 178]
[217, 178]
[218, 178]
[219, 178]
[220, 178]
[220, 179]
[221, 179]
[222, 179]
[223, 179]
[224, 179]
[225, 179]
[226, 179]
[227, 179]
[228, 179]
[229, 179]
[230, 179]
[231, 179]
[232, 179]
[233, 179]
[234, 179]
[235, 179]
[236, 179]
[237, 179]
[238, 179]
[239, 179]
[240, 179]
[241, 179]
[242, 179]
[242, 180]
[242, 181]
[242, 182]
[242, 183]
[242, 184]
[243, 184]
[244, 184]
[245, 184]
[246, 184]
[247, 184]
[248, 184]
[249, 184]
[250, 184]
[251, 184]
[252, 184]
[253, 184]
[254, 184]
[255, 184]
[256, 184]
[257, 184]
[258, 184]
[259, 184]
[259, 185]
[260, 185]
[261, 185]
[262, 185]
[263, 185]
[264, 185]
[265, 185]
[264, 185]
[265, 185]
[266, 185]
[267, 185]
[268, 185]
[269, 185]
[270, 185]
[271, 185]
[272, 185]
[273, 185]
[274, 185]
[275, 185]
[276, 185]
[277, 185]
[278, 185]
[279, 185]
[280, 185]
[281, 185]
[282, 185]
[283, 185]
[284, 185]
[285, 185]
[286, 185]
[287, 185]
[288, 185]
[289, 185]
[290, 185]
[291, 185]
[292, 185]
[293, 185]
[294, 185]
[295, 185]
[296, 185]
[297, 185]
[298, 185]
[299, 185]
