3611,3780,100,100
3611,3780,100,100
3611,3776,100,100
3611,3776,100,100
3606,3771,100,100
3601,3767,100,100
3596,3762,100,100
3591,3758,100,100
3586,3753,100,100
3581,3749,100,100
3581,3749,100,100
3581,3749,100,100
3580,3744,100,100
3579,3739,100,100
3578,3734,100,100
3577,3729,100,100
3576,3724,100,100
3575,3719,100,100
3573,3714,100,100
3572,3709,100,100
3571,3704,100,100
3570,3699,100,100
3569,3694,100,100
3569,3693,100,100
3569,3693,100,100
3564,3693,100,100
3559,3693,100,100
3554,3693,100,100
3549,3693,100,100
3544,3693,100,100
3539,3693,100,100
3534,3693,100,100
3529,3693,100,100
3524,3693,100,100
3519,3693,100,100
3514,3693,100,100
3509,3693,100,100
3504,3693,100,100
3499,3693,100,100
3494,3693,100,100
3489,3693,100,100
3484,3693,100,100
3479,3693,100,100
3474,3693,100,100
3469,3693,100,100
3464,3693,100,100
3459,3693,100,100
3454,3693,100,100
3449,3693,100,100
3444,3693,100,100
3439,3693,100,100
3434,3693,100,100
3429,3693,100,100
3424,3693,100,100
3419,3693,100,100
3414,3693,100,100
3409,3693,100,100
3404,3693,100,100
3399,3693,100,100
3394,3693,100,100
3389,3693,100,100
3384,3693,100,100
3379,3693,100,100
3374,3693,100,100
3369,3693,100,100
3364,3693,100,100
3359,3693,100,100
3354,3693,100,100
3349,3693,100,100
3344,3693,100,100
3339,3693,100,100
3337,3693,100,100
3337,3693,100,100
3335,3688,100,100
3332,3683,100,100
3330,3678,100,100
3328,3673,100,100
3326,3668,100,100
3323,3663,100,100
3321,3658,100,100
3319,3653,100,100
3318,3651,100,100
3318,3651,100,100
3317,3649,100,100
3317,3649,100,100
3312,3648,100,100
3307,3648,100,100
3302,3647,100,100
3297,3646,100,100
3292,3645,100,100
3287,3645,100,100
3282,3644,100,100
3277,3643,100,100
3272,3642,100,100
3267,3642,100,100
3262,3641,100,100
3257,3640,100,100
3252,3640,100,100
3247,3639,100,100
3242,3638,100,100
3237,3637,100,100
3232,3637,100,100
3227,3636,100,100
3222,3635,100,100
3217,3634,100,100
3212,3634,100,100
3207,3633,100,100
3202,3632,100,100
3197,3632,100,100
3192,3631,100,100
3187,3630,100,100
3182,3629,100,100
3177,3629,100,100
3172,3628,100,100
3167,3627,100,100
3162,3626,100,100
3157,3626,100,100
3152,3625,100,100
3152,3625,100,100
3152,3625,100,100
3147,3621,100,100
3142,3617,100,100
3137,3613,100,100
3132,3609,100,100
3127,3605,100,100
3122,3601,100,100
3117,3597,100,100
3112,3593,100,100
3107,3590,100,100
3102,3586,100,100
3100,3584,100,100
3100,3584,100,100
3099,3583,100,100
3099,3583,100,100
3095,3578,100,100
3092,3573,100,100
3088,3568,100,100
3085,3563,100,100
3081,3558,100,100
3079,3555,100,100
3079,3555,100,100
3077,3553,100,100
3077,3553,100,100
3072,3551,100,100
3067,3548,100,100
3062,3546,100,100
3057,3543,100,100
3052,3541,100,100
3047,3538,100,100
3042,3536,100,100
3037,3533,100,100
3032,3531,100,100
3032,3531,100,100
3032,3531,100,100
3030,3529,100,100
3030,3529,100,100
3028,3524,100,100
3026,3519,100,100
3025,3514,100,100
3023,3509,100,100
3021,3504,100,100
3019,3499,100,100
3018,3494,100,100
3016,3489,100,100
3014,3484,100,100
3012,3479,100,100
3011,3474,100,100
3009,3469,100,100
3007,3464,100,100
3005,3459,100,100
3003,3454,100,100
3002,3449,100,100
3000,3444,100,100
2998,3439,100,100
2996,3434,100,100
2996,3433,100,100
2996,3433,100,100
2996,3428,100,100
2996,3423,100,100
2996,3418,100,100
2996,3413,100,100
2996,3408,100,100
2996,3403,100,100
2996,3398,100,100
2996,3393,100,100
2996,3388,100,100
2996,3383,100,100
2996,3378,100,100
2996,3373,100,100
2996,3368,100,100
2996,3363,100,100
2996,3358,100,100
2996,3353,100,100
2996,3348,100,100
2996,3343,100,100
2996,3338,100,100
2996,3333,100,100
2996,3333,100,100
2996,3333,100,100
2993,3328,100,100
2991,3323,100,100
2988,3318,100,100
2986,3313,100,100
2983,3308,100,100
2983,3307,100,100
2983,3307,100,100
2978,3302,100,100
2974,3297,100,100
2969,3292,100,100
2969,3292,100,100
2969,3292,100,100
2969,3287,100,100
2969,3282,100,100
2968,3277,100,100
2968,3272,100,100
2968,3267,100,100
2968,3262,100,100
2968,3257,100,100
2968,3252,100,100
2967,3247,100,100
2967,3242,100,100
2967,3237,100,100
2967,3232,100,100
2967,3227,100,100
2966,3222,100,100
2966,3217,100,100
2966,3212,100,100
2966,3207,100,100
2966,3202,100,100
2965,3197,100,100
2965,3192,100,100
2965,3187,100,100
2965,3182,100,100
2965,3177,100,100
2965,3172,100,100
2964,3167,100,100
2964,3162,100,100
2964,3157,100,100
2964,3152,100,100
2964,3147,100,100
2963,3142,100,100
2963,3137,100,100
2963,3132,100,100
2963,3127,100,100
2963,3122,100,100
2962,3117,100,100
2962,3112,100,100
2962,3107,100,100
2962,3104,100,100
2962,3104,100,100
2961,3099,100,100
2960,3094,100,100
2959,3090,100,100
2959,3090,100,100
2959,3086,100,100
2959,3086,100,100
2956,3081,100,100
2954,3076,100,100
2951,3071,100,100
2949,3066,100,100
2949,3066,100,100
2949,3066,100,100
2947,3065,100,100
2947,3065,100,100
2947,3060,100,100
2946,3055,100,100
2946,3050,100,100
2946,3050,100,100
2946,3050,100,100
2947,3048,100,100
2947,3048,100,100
2948,3047,100,100
2948,3047,100,100
2953,3045,100,100
2954,3044,100,100
2954,3044,100,100
2959,3039,100,100
2964,3034,100,100
2965,3033,100,100
2965,3033,100,100
2968,3028,100,100
2972,3023,100,100
2974,3020,100,100
2974,3020,100,100
2975,3015,100,100
2976,3010,100,100
2977,3005,100,100
2977,3000,100,100
2978,2995,100,100
2979,2990,100,100
2980,2985,100,100
2981,2980,100,100
2981,2979,100,100
2981,2979,100,100
2982,2978,100,100
