1245,3694,100,100
1245,3694,100,100
1249,3689,100,100
1252,3684,100,100
1256,3679,100,100
1260,3674,100,100
1263,3669,100,100
1267,3664,100,100
1270,3659,100,100
1274,3654,100,100
1278,3649,100,100
1281,3644,100,100
1285,3639,100,100
1289,3634,100,100
1292,3629,100,100
1296,3624,100,100
1300,3619,100,100
1303,3614,100,100
1307,3609,100,100
1311,3604,100,100
1314,3599,100,100
1318,3594,100,100
1321,3589,100,100
1325,3584,100,100
1329,3579,100,100
1332,3574,100,100
1336,3569,100,100
1340,3564,100,100
1343,3559,100,100
1347,3554,100,100
1351,3549,100,100
1354,3544,100,100
1358,3539,100,100
1362,3534,100,100
1365,3529,100,100
1369,3524,100,100
1372,3519,100,100
1376,3514,100,100
1380,3509,100,100
1383,3504,100,100
1387,3499,100,100
1387,3499,100,100
1387,3499,100,100
1388,3498,100,100
1388,3498,100,100
1393,3498,100,100
1398,3498,100,100
1403,3498,100,100
1408,3498,100,100
1413,3499,100,100
1418,3499,100,100
1423,3499,100,100
1428,3499,100,100
1431,3499,100,100
1431,3499,100,100
1436,3497,100,100
1441,3496,100,100
1446,3494,100,100
1451,3492,100,100
1456,3490,100,100
1461,3489,100,100
1466,3487,100,100
1471,3485,100,100
1476,3483,100,100
1481,3482,100,100
1483,3481,100,100
1483,3481,100,100
1488,3481,100,100
1493,3481,100,100
1498,3481,100,100
1503,3481,100,100
1508,3480,100,100
1513,3480,100,100
1518,3480,100,100
1523,3480,100,100
1528,3480,100,100
1528,3480,100,100
1528,3480,100,100
1533,3477,100,100
1538,3475,100,100
1543,3472,100,100
1548,3469,100,100
1553,3466,100,100
1558,3464,100,100
1563,3461,100,100
1568,3458,100,100
1573,3455,100,100
1578,3453,100,100
1583,3450,100,100
1588,3447,100,100
1593,3444,100,100
1598,3442,100,100
1603,3439,100,100
1608,3436,100,100
1613,3433,100,100
1618,3431,100,100
1623,3428,100,100
1628,3425,100,100
1633,3422,100,100
1638,3420,100,100
1643,3417,100,100
1648,3414,100,100
1653,3411,100,100
1658,3409,100,100
1663,3406,100,100
1663,3406,100,100
1663,3406,100,100
1668,3401,100,100
1673,3396,100,100
1678,3391,100,100
1683,3386,100,100
1683,3386,100,100
1683,3386,100,100
1683,3381,100,100
1684,3376,100,100
1684,3371,100,100
1684,3366,100,100
1685,3361,100,100
1685,3356,100,100
1685,3351,100,100
1686,3346,100,100
1686,3341,100,100
1686,3336,100,100
1687,3331,100,100
1687,3326,100,100
1687,3321,100,100
1687,3316,100,100
1688,3311,100,100
1688,3306,100,100
1688,3301,100,100
1689,3296,100,100
1689,3291,100,100
1689,3286,100,100
1690,3281,100,100
1690,3276,100,100
1690,3271,100,100
1691,3266,100,100
1691,3261,100,100
1691,3261,100,100
1691,3261,100,100
1696,3259,100,100
1701,3257,100,100
1706,3254,100,100
1711,3252,100,100
1716,3250,100,100
1721,3248,100,100
1726,3246,100,100
1731,3243,100,100
1736,3241,100,100
1741,3239,100,100
1741,3239,100,100
1741,3239,100,100
1745,3237,100,100
1745,3237,100,100
1749,3233,100,100
1749,3233,100,100
1754,3231,100,100
1759,3228,100,100
1761,3227,100,100
1761,3227,100,100
1762,3222,100,100
1762,3220,100,100
1762,3220,100,100
1763,3218,100,100
1763,3218,100,100
1768,3213,100,100
1773,3208,100,100
1778,3203,100,100
1783,3198,100,100
1788,3193,100,100
1793,3189,100,100
1798,3184,100,100
1803,3179,100,100
1808,3174,100,100
1813,3169,100,100
1818,3164,100,100
1822,3160,100,100
1822,3160,100,100
1825,3159,100,100
1825,3159,100,100
1826,3158,100,100
1826,3158,100,100
1831,3156,100,100
1836,3154,100,100
1841,3153,100,100
1846,3151,100,100
1851,3149,100,100
1851,3149,100,100
1851,3149,100,100
1856,3147,100,100
1857,3146,100,100
1857,3146,100,100
1862,3141,100,100
1867,3136,100,100
1872,3131,100,100
1877,3126,100,100
1882,3121,100,100
1883,3120,100,100
1883,3120,100,100
1888,3120,100,100
1893,3119,100,100
1898,3119,100,100
1902,3119,100,100
1902,3119,100,100
1907,3117,100,100
1912,3115,100,100
1917,3113,100,100
1922,3111,100,100
1927,3110,100,100
1932,3108,100,100
1937,3106,100,100
1942,3104,100,100
1947,3102,100,100
1952,3100,100,100
1957,3098,100,100
1962,3096,100,100
1967,3094,100,100
1972,3092,100,100
1977,3091,100,100
1982,3089,100,100
1987,3087,100,100
1992,3085,100,100
1997,3083,100,100
2002,3081,100,100
2005,3080,100,100
2005,3080,100,100
2010,3079,100,100
2013,3079,100,100
2013,3079,100,100
2018,3076,100,100
2023,3074,100,100
2028,3071,100,100
2028,3071,100,100
2028,3071,100,100
2031,3070,100,100
2031,3070,100,100
2036,3068,100,100
2041,3065,100,100
2046,3063,100,100
2051,3061,100,100
2056,3059,100,100
2061,3056,100,100
2066,3054,100,100
2068,3053,100,100
2068,3053,100,100
2072,3051,100,100
2072,3051,100,100
2075,3050,100,100
2075,3050,100,100
2080,3048,100,100
2085,3047,100,100
2090,3045,100,100
2095,3043,100,100
2100,3041,100,100
2101,3041,100,100
2101,3041,100,100
2102,3040,100,100
2102,3040,100,100
2105,3036,100,100
2105,3036,100,100
2110,3034,100,100
2115,3031,100,100
2115,3031,100,100
2115,3031,100,100
2120,3031,100,100
2125,3031,100,100
2130,3031,100,100
2135,3030,100,100
2140,3030,100,100
2145,3030,100,100
2147,3030,100,100
2147,3030,100,100
2149,3026,100,100
2149,3026,100,100
2154,3021,100,100
2159,3016,100,100
2164,3011,100,100
2169,3006,100,100
2174,3001,100,100
2179,2996,100,100
2183,2992,100,100
2183,2992,100,100
2183,2987,100,100
2184,2982,100,100
2184,2980,100,100
2184,2980,100,100
2188,2975,100,100
2191,2970,100,100
2192,2969,100,100
2192,2969,100,100
2193,2967,100,100
2193,2967,100,100
2198,2962,100,100
2203,2958,100,100
2208,2953,100,100
2213,2949,100,100
2218,2944,100,100
2218,2944,100,100
2218,2944,100,100
2223,2940,100,100
2228,2937,100,100
2233,2933,100,100
2238,2930,100,100
2243,2926,100,100
2243,2926,100,100
2243,2926,100,100
2244,2925,100,100
2244,2925,100,100
2245,2925,100,100
2245,2925,100,100
2249,2923,100,100
2249,2923,100,100
2253,2919,100,100
2253,2919,100,100
2255,2918,100,100
2255,2918,100,100
2258,2915,100,100
2258,2915,100,100
2263,2911,100,100
2268,2908,100,100
2273,2904,100,100
2278,2900,100,100
2283,2897,100,100
2288,2893,100,100
2293,2889,100,100
2298,2885,100,100
2303,2882,100,100
2308,2878,100,100
2313,2874,100,100
2318,2871,100,100
2323,2867,100,100
2323,2867,100,100
2323,2867,100,100
2325,2865,100,100
2325,2865,100,100
2330,2863,100,100
2333,2862,100,100
2333,2862,100,100
2338,2864,100,100
2338,2864,100,100
2338,2864,100,100
2340,2864,100,100
2340,2864,100,100
2345,2862,100,100
2350,2861,100,100
2355,2859,100,100
2360,2858,100,100
2365,2856,100,100
2369,2855,100,100
2369,2855,100,100
2374,2853,100,100
2375,2853,100,100
2375,2853,100,100
2376,2853,100,100
2376,2853,100,100
2381,2854,100,100
2382,2854,100,100
2382,2854,100,100
2387,2853,100,100
2392,2852,100,100
2397,2850,100,100
2402,2849,100,100
2407,2848,100,100
2410,2847,100,100
2410,2847,100,100
2415,2842,100,100
2420,2837,100,100
2423,2834,100,100
2423,2834,100,100
2426,2833,100,100
2426,2833,100,100
2431,2828,100,100
2435,2823,100,100
2438,2820,100,100
2438,2820,100,100
2443,2820,100,100
2444,2820,100,100
2444,2820,100,100
2447,2815,100,100
2447,2815,100,100
2447,2815,100,100
2451,2810,100,100
2456,2805,100,100
2460,2800,100,100
2465,2795,100,100
2469,2790,100,100
2473,2786,100,100
2473,2786,100,100
2475,2784,100,100
2475,2784,100,100
2480,2783,100,100
2485,2781,100,100
2490,2780,100,100
2495,2779,100,100
2500,2777,100,100
2505,2776,100,100
2510,2775,100,100
2515,2773,100,100
2520,2772,100,100
2523,2771,100,100
2523,2771,100,100
2528,2770,100,100
2531,2770,100,100
2531,2770,100,100
2535,2768,100,100
2535,2768,100,100
2536,2767,100,100
2536,2767,100,100
2541,2762,100,100
2546,2757,100,100
2551,2752,100,100
2556,2747,100,100
2561,2742,100,100
2566,2737,100,100
2571,2733,100,100
2576,2728,100,100
2581,2723,100,100
2586,2718,100,100
2591,2713,100,100
2596,2708,100,100
2601,2703,100,100
2602,2702,100,100
2602,2702,100,100
2607,2701,100,100
2612,2701,100,100
2617,2700,100,100
2618,2700,100,100
2618,2700,100,100
2623,2695,100,100
2623,2695,100,100
2623,2695,100,100
2627,2690,100,100
2632,2685,100,100
2636,2680,100,100
2638,2678,100,100
2638,2678,100,100
2639,2677,100,100
2639,2677,100,100
2644,2673,100,100
2649,2669,100,100
2654,2665,100,100
2659,2661,100,100
2664,2657,100,100
2669,2653,100,100
2674,2649,100,100
2679,2645,100,100
2684,2641,100,100
2684,2641,100,100
2684,2641,100,100
2689,2641,100,100
2694,2641,100,100
2699,2641,100,100
2704,2641,100,100
2709,2641,100,100
2714,2641,100,100
2719,2641,100,100
2724,2641,100,100
2728,2641,100,100
2728,2641,100,100
2729,2639,100,100
2729,2639,100,100
2734,2634,100,100
2739,2629,100,100
2744,2624,100,100
2749,2620,100,100
2754,2615,100,100
2759,2610,100,100
2764,2605,100,100
2766,2603,100,100
2766,2603,100,100
2767,2602,100,100
2767,2602,100,100
2768,2600,100,100
2768,2600,100,100
2769,2599,100,100
2769,2599,100,100
2772,2594,100,100
2774,2589,100,100
2777,2584,100,100
2780,2579,100,100
2782,2574,100,100
2785,2569,100,100
2788,2564,100,100
2790,2559,100,100
2793,2554,100,100
2795,2550,100,100
2795,2550,100,100
2796,2549,100,100
2796,2549,100,100
2799,2544,100,100
2801,2539,100,100
2801,2539,100,100
2801,2539,100,100
2801,2534,100,100
2801,2531,100,100
2801,2531,100,100
2802,2529,100,100
2802,2529,100,100
2807,2525,100,100
2812,2521,100,100
2817,2517,100,100
2822,2513,100,100
2827,2509,100,100
2832,2505,100,100
2836,2502,100,100
2836,2502,100,100
2837,2500,100,100
2837,2500,100,100
2842,2495,100,100
2847,2490,100,100
2852,2485,100,100
2857,2480,100,100
2862,2475,100,100
2867,2470,100,100
2870,2467,100,100
2870,2467,100,100
2875,2464,100,100
2880,2460,100,100
2885,2457,100,100
2890,2454,100,100
2895,2450,100,100
2900,2447,100,100
2900,2447,100,100
2900,2447,100,100
2903,2444,100,100
2903,2444,100,100
2900,2439,100,100
2898,2434,100,100
2895,2429,100,100
2893,2424,100,100
2890,2419,100,100
2888,2414,100,100
2885,2409,100,100
2883,2404,100,100
2880,2399,100,100
2878,2394,100,100
2875,2389,100,100
2874,2386,100,100
2874,2386,100,100
2870,2381,100,100
2866,2376,100,100
2862,2371,100,100
2860,2369,100,100
