[64, 113]
[64, 114]
[63, 113]
[62, 112]
[61, 111]
[60, 110]
[59, 109]
[59, 110]
[59, 111]
[59, 112]
[59, 113]
[58, 113]
[58, 114]
[58, 115]
[58, 116]
[58, 117]
[57, 116]
[57, 117]
[57, 118]
[57, 119]
[57, 120]
[57, 121]
[58, 120]
[58, 121]
[59, 120]
[59, 121]
[60, 120]
[60, 121]
[61, 120]
[62, 121]
[63, 120]
[63, 121]
[64, 120]
[64, 121]
[65, 120]
[65, 121]
[66, 120]
[67, 119]
[67, 120]
[67, 121]
[67, 122]
[67, 123]
[68, 122]
[69, 121]
[70, 120]
[70, 121]
[71, 120]
[71, 121]
[71, 122]
[71, 123]
[71, 124]
[71, 125]
[72, 124]
[71, 123]
[70, 122]
[71, 121]
[72, 120]
[72, 121]
[73, 120]
[73, 121]
[74, 120]
[75, 121]
[75, 122]
[75, 123]
[75, 124]
[75, 125]
[75, 126]
[76, 125]
[77, 124]
[78, 123]
[79, 122]
[80, 121]
[81, 120]
[81, 121]
[82, 120]
[82, 121]
[83, 120]
[83, 121]
[84, 120]
[84, 121]
[85, 120]
[85, 121]
[86, 120]
[86, 121]
[87, 120]
[87, 121]
[88, 120]
[89, 120]
[90, 120]
[91, 120]
[91, 119]
[92, 119]
[92, 120]
[92, 121]
[93, 120]
[93, 121]
[94, 120]
[94, 121]
[95, 120]
[95, 121]
[96, 120]
[96, 121]
[97, 120]
[97, 121]
[98, 120]
[98, 121]
[99, 120]
[99, 121]
[98, 121]
[99, 120]
[99, 121]
[100, 120]
[101, 120]
[102, 120]
[103, 120]
[104, 120]
[105, 120]
[105, 121]
[106, 120]
[106, 121]
[107, 120]
[107, 121]
[108, 120]
[108, 121]
[109, 120]
[109, 121]
[110, 120]
[110, 121]
[111, 120]
[111, 121]
[112, 120]
[112, 121]
[113, 120]
[113, 121]
[114, 120]
[114, 121]
[115, 120]
[116, 120]
[117, 120]
[118, 120]
[118, 119]
[119, 119]
[118, 119]
[119, 119]
[120, 119]
[121, 119]
[122, 119]
[123, 119]
[124, 119]
[125, 119]
[126, 119]
[127, 119]
[128, 119]
[129, 119]
[130, 119]
[131, 119]
[132, 119]
[133, 119]
[134, 119]
[135, 119]
[136, 119]
[137, 119]
[137, 120]
[137, 121]
