[257, 6]
[257, 7]
[257, 8]
[257, 9]
[258, 8]
[258, 9]
[258, 10]
[258, 11]
[258, 12]
[259, 12]
[259, 13]
[259, 14]
[259, 15]
[259, 16]
[259, 17]
[259, 18]
[259, 19]
[259, 20]
[259, 21]
[259, 22]
[259, 23]
[259, 24]
[259, 25]
[259, 26]
[259, 27]
[259, 28]
[259, 29]
[259, 30]
[259, 29]
[259, 30]
[259, 31]
[259, 32]
[259, 33]
[259, 34]
[259, 35]
[259, 36]
[259, 37]
[259, 38]
[259, 39]
[259, 40]
[259, 41]
[259, 40]
[259, 41]
[259, 42]
[259, 43]
[259, 44]
[259, 45]
[259, 46]
[259, 47]
[260, 47]
[259, 47]
[259, 48]
[259, 49]
[259, 50]
[259, 51]
[258, 50]
[258, 51]
[258, 52]
[258, 53]
[258, 54]
[258, 55]
[258, 56]
[258, 57]
[258, 58]
[257, 58]
[257, 59]
[257, 60]
[257, 61]
[257, 62]
[257, 63]
[257, 64]
[257, 65]
[257, 66]
[257, 67]
[257, 68]
[257, 69]
[257, 70]
[258, 70]
[258, 71]
[258, 72]
[258, 73]
[258, 74]
[258, 75]
[259, 74]
[259, 75]
[259, 76]
[259, 77]
[259, 78]
[259, 79]
[259, 80]
[258, 79]
[258, 80]
[258, 81]
[258, 82]
[258, 83]
[258, 84]
[258, 85]
[258, 86]
[258, 87]
[258, 88]
[258, 89]
[258, 90]
[258, 91]
[258, 92]
[258, 93]
[259, 94]
[259, 95]
[260, 94]
[260, 95]
[260, 96]
[260, 97]
[259, 96]
[259, 97]
[259, 98]
[259, 99]
[259, 100]
[259, 101]
[259, 102]
[259, 103]
[259, 102]
[259, 103]
[259, 102]
[259, 103]
[259, 104]
[259, 105]
[259, 106]
[259, 107]
[259, 108]
[259, 109]
[259, 110]
[259, 111]
[259, 112]
[259, 113]
[259, 114]
[259, 115]
[259, 116]
[259, 117]
[259, 118]
[260, 117]
[260, 118]
[260, 119]
[260, 120]
[260, 121]
[260, 122]
[260, 123]
[260, 124]
[260, 125]
[260, 126]
[260, 127]
[260, 128]
[260, 129]
[260, 130]
[260, 131]
[260, 132]
[260, 133]
[260, 134]
[260, 135]
[260, 136]
[260, 137]
[260, 138]
[260, 139]
[260, 140]
[261, 140]
[261, 141]
[261, 142]
[261, 143]
[261, 144]
[261, 145]
[261, 146]
[261, 147]
[261, 148]
[261, 149]
[261, 150]
[261, 151]
[261, 152]
[261, 153]
[261, 154]
[261, 155]
[261, 156]
[261, 157]
[261, 158]
[261, 159]
[261, 160]
[261, 161]
[261, 162]
[261, 163]
[261, 164]
[261, 165]
[261, 166]
[261, 167]
[261, 168]
[261, 169]
[261, 170]
[261, 171]
[261, 172]
[261, 173]
[261, 174]
[261, 175]
[261, 176]
[262, 175]
[262, 176]
[262, 177]
[262, 178]
[261, 177]
[261, 178]
[261, 179]
[261, 180]
[261, 181]
[261, 182]
[261, 183]
[261, 184]
[261, 185]
[261, 186]
[261, 187]
[261, 188]
[262, 187]
[262, 188]
[262, 189]
[262, 190]
[262, 189]
[262, 190]
[262, 191]
[262, 192]
[263, 192]
[263, 193]
[263, 194]
[263, 195]
[263, 196]
[263, 197]
[263, 198]
[263, 199]
[263, 200]
[263, 201]
[263, 202]
[263, 203]
[263, 204]
[263, 205]
[263, 206]
[263, 207]
[263, 208]
[263, 209]
[263, 210]
[263, 211]
[263, 212]
[263, 213]
[263, 214]
[263, 215]
[263, 216]
[263, 217]
[263, 218]
[263, 219]
[263, 220]
[263, 221]
[263, 222]
[263, 223]
[263, 224]
[263, 225]
[264, 226]
[264, 227]
[264, 228]
[264, 229]
[264, 230]
[264, 231]
[264, 232]
[264, 233]
[264, 234]
[264, 235]
[264, 236]
[264, 237]
[264, 238]
[264, 239]
[264, 240]
[264, 241]
[264, 242]
[264, 243]
[264, 244]
[264, 245]
[264, 246]
[264, 247]
[264, 246]
[264, 247]
[264, 248]
[264, 249]
[264, 250]
[264, 251]
[264, 252]
[264, 253]
[264, 254]
[264, 255]
[264, 256]
[264, 257]
[264, 258]
[264, 259]
[264, 258]
[264, 259]
[264, 260]
[264, 261]
[264, 262]
[264, 263]
[264, 264]
[264, 265]
[264, 266]
[264, 267]
[264, 268]
[264, 269]
[264, 270]
[264, 271]
[264, 272]
[264, 273]
[264, 274]
[264, 275]
[264, 274]
[264, 275]
[265, 275]
[266, 275]
[267, 274]
[267, 275]
[268, 275]
[269, 275]
[270, 275]
[271, 275]
[272, 275]
