[146, 119]
[146, 120]
[146, 121]
[145, 121]
[144, 122]
[145, 122]
[144, 122]
[143, 122]
[142, 122]
[141, 122]
[140, 122]
[139, 122]
[138, 122]
[137, 122]
[137, 121]
[136, 121]
[135, 121]
[134, 121]
[135, 120]
[135, 121]
[134, 121]
[133, 121]
[132, 121]
[131, 121]
[130, 121]
[129, 121]
[128, 121]
[127, 121]
[126, 120]
[126, 121]
[125, 121]
[124, 121]
[123, 121]
[122, 121]
[121, 121]
[120, 121]
[119, 121]
[118, 121]
[117, 121]
[116, 121]
[115, 121]
[114, 121]
[113, 121]
[112, 121]
[111, 121]
[110, 121]
[109, 121]
[108, 121]
[109, 122]
[108, 122]
[107, 122]
[106, 122]
[105, 122]
[104, 122]
[103, 122]
[102, 122]
[101, 122]
[100, 122]
[99, 122]
[98, 122]
[97, 122]
[96, 122]
[95, 122]
[94, 122]
[93, 122]
[93, 121]
[92, 120]
[92, 121]
[91, 121]
[90, 121]
[91, 120]
[91, 121]
[90, 121]
[89, 121]
[88, 121]
