[100, 4]
[101, 4]
[102, 4]
[103, 4]
[104, 4]
[105, 4]
[106, 4]
[106, 3]
[105, 4]
[104, 5]
[103, 6]
[102, 7]
[101, 8]
[100, 9]
[99, 10]
[98, 11]
[97, 12]
[96, 13]
[95, 14]
[94, 15]
[93, 16]
[92, 17]
[91, 18]
[91, 19]
[90, 20]
[89, 21]
[88, 22]
[87, 23]
[86, 24]
[87, 23]
[87, 24]
[86, 25]
[85, 26]
[84, 27]
[83, 26]
[82, 27]
[81, 28]
[80, 29]
[81, 28]
[80, 29]
[79, 30]
[78, 31]
[78, 32]
[77, 33]
[76, 34]
[77, 35]
[76, 36]
[75, 37]
[74, 38]
[74, 37]
[73, 38]
[72, 39]
[73, 39]
[74, 39]
[75, 39]
[75, 40]
[76, 40]
[77, 40]
[78, 40]
[79, 40]
[80, 40]
[81, 40]
[82, 40]
[81, 39]
[82, 39]
[83, 39]
[84, 39]
[85, 39]
[86, 39]
[87, 39]
[88, 39]
[88, 38]
[89, 38]
[89, 37]
[90, 37]
[91, 37]
[92, 37]
[93, 37]
[94, 37]
[95, 37]
[96, 37]
[97, 37]
[98, 37]
[99, 37]
[100, 37]
[101, 37]
[102, 37]
[103, 37]
[104, 37]
[105, 37]
[106, 37]
[107, 37]
[108, 37]
[109, 37]
[110, 37]
[111, 37]
[112, 37]
[113, 37]
[114, 37]
[115, 37]
[116, 37]
[117, 37]
[118, 37]
[119, 37]
[120, 37]
[121, 37]
[120, 38]
[121, 38]
[122, 38]
[123, 38]
[124, 38]
[125, 39]
[126, 39]
[127, 39]
[127, 40]
[128, 40]
[129, 40]
[130, 40]
[131, 40]
[132, 40]
[133, 40]
[134, 40]
[135, 40]
[136, 40]
[137, 40]
[138, 40]
[139, 40]
[140, 40]
[141, 40]
[140, 41]
[141, 41]
[140, 42]
[141, 42]
[140, 43]
[141, 43]
[140, 44]
[141, 44]
[140, 45]
[141, 45]
[140, 46]
[141, 46]
[140, 47]
[141, 47]
[140, 48]
[141, 48]
[140, 49]
[139, 50]
[140, 50]
[141, 50]
[140, 51]
[140, 50]
[141, 50]
[140, 51]
[141, 51]
[140, 52]
[141, 52]
[140, 53]
[141, 53]
[140, 54]
[141, 54]
[140, 55]
[141, 55]
[140, 56]
[141, 56]
[141, 57]
[140, 58]
[141, 58]
[140, 59]
[141, 59]
[140, 60]
[141, 60]
[140, 61]
[141, 61]
[141, 60]
[140, 61]
[141, 61]
[140, 62]
[141, 62]
[140, 63]
[141, 62]
[140, 63]
[141, 63]
[140, 64]
[141, 64]
[140, 65]
[141, 65]
[140, 66]
[141, 66]
[140, 67]
[141, 67]
[140, 68]
[141, 68]
[142, 69]
[141, 70]
[140, 71]
[141, 71]
[140, 72]
[141, 72]
[140, 72]
[141, 72]
[140, 73]
[141, 73]
[140, 74]
[141, 74]
[140, 75]
[141, 75]
[140, 76]
[141, 76]
[140, 77]
[141, 77]
[140, 78]
[141, 78]
[140, 79]
[141, 79]
[140, 80]
[141, 80]
[142, 80]
[141, 81]
[140, 82]
[141, 82]
[140, 83]
[141, 83]
[140, 84]
[141, 84]
[140, 85]
[141, 85]
[140, 86]
[141, 86]
[140, 87]
[141, 87]
[140, 88]
[141, 88]
[140, 89]
[141, 89]
[140, 90]
[141, 90]
[140, 91]
[141, 91]
[140, 92]
[141, 92]
[140, 93]
[141, 93]
[140, 94]
[141, 94]
[140, 95]
[141, 95]
[140, 96]
[141, 96]
[140, 97]
[141, 97]
[140, 98]
[141, 98]
[140, 99]
[141, 99]
[140, 100]
[141, 100]
[140, 101]
[141, 101]
[140, 102]
[141, 102]
[140, 103]
[141, 103]
[140, 104]
[141, 104]
[140, 105]
[141, 105]
[141, 104]
[140, 105]
[141, 105]
[140, 106]
[141, 106]
[140, 105]
[141, 105]
[140, 106]
[141, 106]
[140, 107]
[141, 107]
[140, 108]
[141, 108]
[140, 109]
[141, 109]
[140, 110]
[141, 110]
[140, 111]
[141, 111]
[140, 112]
[141, 112]
[140, 113]
[141, 113]
[140, 114]
[141, 114]
[140, 115]
[141, 115]
[140, 116]
[141, 116]
[140, 117]
[141, 117]
[140, 118]
[141, 118]
[140, 119]
[141, 119]
