1378,3123,100,100
1378,3123,100,100
1383,3118,100,100
1388,3113,100,100
1392,3108,100,100
1397,3103,100,100
1402,3098,100,100
1407,3093,100,100
1412,3088,100,100
1417,3083,100,100
1421,3078,100,100
1426,3073,100,100
1431,3068,100,100
1433,3066,100,100
1433,3066,100,100
1438,3066,100,100
1443,3065,100,100
1448,3065,100,100
1453,3065,100,100
1458,3064,100,100
1463,3064,100,100
1468,3064,100,100
1473,3063,100,100
1478,3063,100,100
1483,3063,100,100
1488,3062,100,100
1493,3062,100,100
1498,3062,100,100
1503,3061,100,100
1508,3061,100,100
1513,3061,100,100
1518,3060,100,100
1523,3060,100,100
1528,3059,100,100
1533,3059,100,100
1538,3059,100,100
1543,3058,100,100
1548,3058,100,100
1553,3058,100,100
1558,3057,100,100
1563,3057,100,100
1568,3057,100,100
1573,3056,100,100
1578,3056,100,100
1579,3056,100,100
1579,3056,100,100
1584,3056,100,100
1589,3055,100,100
1594,3055,100,100
1599,3054,100,100
1599,3054,100,100
1599,3054,100,100
1600,3052,100,100
1600,3052,100,100
1605,3049,100,100
1610,3046,100,100
1615,3043,100,100
1620,3041,100,100
1625,3038,100,100
1630,3035,100,100
1635,3032,100,100
1640,3029,100,100
1645,3026,100,100
1650,3023,100,100
1655,3021,100,100
1660,3018,100,100
1665,3015,100,100
1670,3012,100,100
1675,3009,100,100
1677,3008,100,100
1677,3008,100,100
1678,3007,100,100
1678,3007,100,100
1683,3006,100,100
1688,3004,100,100
1693,3003,100,100
1698,3002,100,100
1703,3000,100,100
1708,2999,100,100
1713,2998,100,100
1715,2997,100,100
1715,2997,100,100
1720,2997,100,100
1725,2996,100,100
1730,2996,100,100
1735,2995,100,100
1740,2995,100,100
1740,2995,100,100
1740,2995,100,100
1745,2994,100,100
1750,2993,100,100
1755,2992,100,100
1760,2991,100,100
1765,2990,100,100
1770,2989,100,100
1775,2987,100,100
1780,2986,100,100
1785,2985,100,100
1790,2984,100,100
1795,2983,100,100
1800,2982,100,100
1805,2981,100,100
1810,2980,100,100
1814,2979,100,100
1814,2979,100,100
1819,2979,100,100
1824,2978,100,100
1829,2978,100,100
1834,2978,100,100
1839,2977,100,100
1844,2977,100,100
1845,2977,100,100
1845,2977,100,100
1850,2973,100,100
1853,2971,100,100
1853,2971,100,100
1858,2968,100,100
1863,2965,100,100
1868,2962,100,100
1873,2959,100,100
1878,2957,100,100
1883,2954,100,100
1888,2951,100,100
1891,2949,100,100
1891,2949,100,100
1892,2949,100,100
1892,2949,100,100
1893,2950,100,100
1893,2950,100,100
1898,2950,100,100
1903,2950,100,100
1908,2950,100,100
1913,2950,100,100
1918,2950,100,100
1923,2950,100,100
1928,2950,100,100
1933,2950,100,100
1938,2950,100,100
1939,2950,100,100
1939,2950,100,100
1943,2952,100,100
1943,2952,100,100
1948,2950,100,100
1953,2948,100,100
1958,2946,100,100
1963,2944,100,100
1968,2942,100,100
1973,2939,100,100
1974,2939,100,100
1974,2939,100,100
1979,2937,100,100
1984,2934,100,100
1985,2934,100,100
1985,2934,100,100
1990,2933,100,100
1990,2933,100,100
1990,2933,100,100
1995,2932,100,100
2000,2931,100,100
2005,2930,100,100
2010,2929,100,100
2015,2927,100,100
2020,2926,100,100
2025,2925,100,100
2030,2924,100,100
2035,2923,100,100
2040,2922,100,100
2045,2921,100,100
2050,2920,100,100
2055,2919,100,100
2060,2918,100,100
2065,2916,100,100
2070,2915,100,100
2075,2914,100,100
2080,2913,100,100
2085,2912,100,100
2090,2911,100,100
2095,2910,100,100
2099,2909,100,100
2099,2909,100,100
2101,2907,100,100
2101,2907,100,100
2101,2905,100,100
2101,2905,100,100
2102,2901,100,100
2102,2901,100,100
2106,2896,100,100
2110,2891,100,100
2113,2886,100,100
2117,2881,100,100
2121,2876,100,100
2125,2871,100,100
2128,2866,100,100
2132,2861,100,100
2136,2856,100,100
2140,2851,100,100
2142,2848,100,100
2142,2848,100,100
2142,2845,100,100
2142,2845,100,100
2143,2843,100,100
2143,2843,100,100
2148,2843,100,100
2153,2843,100,100
2158,2843,100,100
2163,2844,100,100
2168,2844,100,100
2173,2844,100,100
2178,2844,100,100
2179,2844,100,100
2179,2844,100,100
2184,2848,100,100
2186,2849,100,100
2186,2849,100,100
2191,2850,100,100
2196,2851,100,100
2201,2851,100,100
2206,2852,100,100
2211,2853,100,100
2216,2854,100,100
2221,2855,100,100
2226,2856,100,100
2231,2856,100,100
2236,2857,100,100
2241,2858,100,100
2246,2859,100,100
2251,2860,100,100
2256,2861,100,100
2261,2861,100,100
2264,2862,100,100
2264,2862,100,100
2269,2862,100,100
2274,2862,100,100
2279,2862,100,100
2284,2862,100,100
2289,2862,100,100
2294,2862,100,100
2299,2862,100,100
2304,2862,100,100
2309,2862,100,100
2314,2862,100,100
2319,2862,100,100
2324,2862,100,100
2329,2862,100,100
2333,2862,100,100
2333,2862,100,100
2338,2864,100,100
2338,2864,100,100
2338,2864,100,100
2340,2864,100,100
2340,2864,100,100
2345,2862,100,100
2350,2861,100,100
2355,2859,100,100
2360,2858,100,100
2365,2856,100,100
2369,2855,100,100
2369,2855,100,100
2374,2853,100,100
2375,2853,100,100
2375,2853,100,100
2376,2853,100,100
2376,2853,100,100
2381,2854,100,100
2382,2854,100,100
2382,2854,100,100
2387,2853,100,100
2392,2852,100,100
2397,2850,100,100
2402,2849,100,100
2407,2848,100,100
2410,2847,100,100
2410,2847,100,100
2415,2842,100,100
2420,2837,100,100
2423,2834,100,100
2423,2834,100,100
2426,2833,100,100
2426,2833,100,100
2431,2828,100,100
2435,2823,100,100
2438,2820,100,100
2438,2820,100,100
2443,2820,100,100
2444,2820,100,100
2444,2820,100,100
2446,2816,100,100
2446,2816,100,100
2451,2811,100,100
2455,2806,100,100
2460,2801,100,100
2464,2796,100,100
2469,2791,100,100
2473,2786,100,100
2473,2786,100,100
2473,2786,100,100
2475,2784,100,100
2475,2784,100,100
2480,2783,100,100
2485,2781,100,100
2490,2780,100,100
2495,2779,100,100
2500,2777,100,100
2505,2776,100,100
2510,2775,100,100
2515,2773,100,100
2520,2772,100,100
2523,2771,100,100
2523,2771,100,100
2528,2770,100,100
2531,2770,100,100
2531,2770,100,100
2535,2768,100,100
2535,2768,100,100
2536,2767,100,100
2536,2767,100,100
2541,2762,100,100
2546,2757,100,100
2551,2752,100,100
2556,2747,100,100
2561,2742,100,100
2566,2737,100,100
2571,2733,100,100
2576,2728,100,100
2581,2723,100,100
2586,2718,100,100
2591,2713,100,100
2596,2708,100,100
2601,2703,100,100
2602,2702,100,100
2602,2702,100,100
2607,2701,100,100
2612,2701,100,100
2617,2700,100,100
2618,2700,100,100
2618,2700,100,100
2623,2695,100,100
2623,2695,100,100
2623,2695,100,100
2627,2690,100,100
2632,2685,100,100
2636,2680,100,100
2638,2678,100,100
2638,2678,100,100
2639,2677,100,100
2639,2677,100,100
2644,2673,100,100
2649,2669,100,100
2654,2665,100,100
2659,2661,100,100
2664,2657,100,100
2669,2653,100,100
2674,2649,100,100
2679,2645,100,100
2684,2641,100,100
2684,2641,100,100
2684,2641,100,100
2689,2641,100,100
2694,2641,100,100
2699,2641,100,100
2704,2641,100,100
2709,2641,100,100
2714,2641,100,100
2719,2641,100,100
2724,2641,100,100
2728,2641,100,100
2728,2641,100,100
2729,2639,100,100
2729,2639,100,100
2734,2634,100,100
2739,2629,100,100
2744,2624,100,100
2749,2620,100,100
2754,2615,100,100
2759,2610,100,100
2764,2605,100,100
2766,2603,100,100
2766,2603,100,100
2767,2602,100,100
2767,2602,100,100
2768,2600,100,100
2768,2600,100,100
2769,2599,100,100
2769,2599,100,100
2774,2596,100,100
2779,2593,100,100
2784,2590,100,100
2789,2587,100,100
2794,2585,100,100
2795,2584,100,100
2795,2584,100,100
2796,2585,100,100
2796,2585,100,100
2797,2585,100,100
2797,2585,100,100
2802,2582,100,100
2807,2578,100,100
2812,2575,100,100
2817,2572,100,100
2822,2569,100,100
2823,2568,100,100
2823,2568,100,100
2825,2568,100,100
2825,2568,100,100
2830,2568,100,100
2835,2569,100,100
2837,2569,100,100
2837,2569,100,100
2842,2568,100,100
2842,2568,100,100
2842,2568,100,100
2847,2565,100,100
2852,2562,100,100
2857,2559,100,100
2862,2556,100,100
2867,2553,100,100
2872,2550,100,100
2874,2549,100,100
2874,2549,100,100
2879,2544,100,100
2884,2539,100,100
2889,2534,100,100
2894,2529,100,100
2899,2524,100,100
2904,2519,100,100
2909,2514,100,100
2914,2509,100,100
2919,2504,100,100
2924,2499,100,100
2929,2494,100,100
2933,2490,100,100
2933,2490,100,100
2937,2485,100,100
2942,2480,100,100
2946,2475,100,100
2951,2470,100,100
2955,2465,100,100
2959,2460,100,100
2964,2455,100,100
2968,2450,100,100
2972,2445,100,100
2977,2440,100,100
2981,2435,100,100
2986,2430,100,100
2990,2425,100,100
2994,2420,100,100
2999,2415,100,100
3003,2410,100,100
3007,2405,100,100
3012,2400,100,100
3016,2395,100,100
3021,2390,100,100
3025,2385,100,100
3029,2380,100,100
3034,2375,100,100
3038,2370,100,100
3043,2365,100,100
3047,2360,100,100
3051,2355,100,100
3056,2350,100,100
3060,2345,100,100
3064,2340,100,100
3069,2335,100,100
3073,2330,100,100
3078,2325,100,100
3082,2320,100,100
3086,2315,100,100
3091,2310,100,100
3095,2305,100,100
3099,2300,100,100
3104,2295,100,100
3108,2290,100,100
3113,2285,100,100
3117,2280,100,100
3121,2275,100,100
3126,2270,100,100
3130,2265,100,100
3135,2260,100,100
3139,2255,100,100
3143,2250,100,100
3148,2245,100,100
3152,2240,100,100
3156,2235,100,100
3161,2230,100,100
3165,2225,100,100
3170,2220,100,100
3174,2215,100,100
3178,2210,100,100
3183,2205,100,100
3187,2200,100,100
3192,2195,100,100
3196,2190,100,100
3200,2185,100,100
3205,2180,100,100
3209,2175,100,100
3213,2170,100,100
3218,2165,100,100
3222,2160,100,100
3227,2155,100,100
3231,2150,100,100
3235,2145,100,100
3240,2140,100,100
3244,2135,100,100
3248,2130,100,100
3253,2125,100,100
3257,2120,100,100
3262,2115,100,100
3266,2110,100,100
3270,2105,100,100
3275,2100,100,100
3279,2095,100,100
3284,2090,100,100
3288,2085,100,100
3292,2080,100,100
3297,2075,100,100
3301,2070,100,100
3305,2065,100,100
3310,2060,100,100
3314,2055,100,100
3319,2050,100,100
3323,2045,100,100
3327,2040,100,100
3332,2035,100,100
3336,2030,100,100
3340,2025,100,100
3345,2020,100,100
3349,2015,100,100
3351,2013,100,100
