3258,975,100,100
3258,975,100,100
3258,980,100,100
3258,985,100,100
3258,990,100,100
3257,995,100,100
3257,1000,100,100
3257,1005,100,100
3257,1010,100,100
3257,1015,100,100
3257,1020,100,100
3257,1025,100,100
3256,1030,100,100
3256,1035,100,100
3256,1040,100,100
3256,1042,100,100
3256,1042,100,100
3256,1047,100,100
3256,1052,100,100
3256,1057,100,100
3256,1062,100,100
3256,1067,100,100
3256,1072,100,100
3257,1077,100,100
3257,1082,100,100
3257,1087,100,100
3257,1092,100,100
3257,1097,100,100
3257,1102,100,100
3257,1107,100,100
3257,1110,100,100
3257,1110,100,100
3255,1115,100,100
3252,1120,100,100
3250,1125,100,100
3248,1130,100,100
3245,1135,100,100
3243,1140,100,100
3242,1142,100,100
3242,1142,100,100
3240,1147,100,100
3237,1152,100,100
3235,1157,100,100
3232,1162,100,100
3230,1167,100,100
3227,1172,100,100
3225,1177,100,100
3222,1182,100,100
3220,1187,100,100
3217,1192,100,100
3215,1197,100,100
3212,1202,100,100
3210,1207,100,100
3207,1212,100,100
3205,1217,100,100
3202,1222,100,100
3200,1227,100,100
3197,1232,100,100
3195,1237,100,100
3192,1242,100,100
3191,1244,100,100
3191,1244,100,100
3191,1247,100,100
3191,1247,100,100
3191,1252,100,100
3192,1257,100,100
3192,1262,100,100
3192,1267,100,100
3193,1272,100,100
3193,1277,100,100
3193,1282,100,100
3193,1287,100,100
3194,1292,100,100
3194,1296,100,100
3194,1296,100,100
3194,1301,100,100
3193,1306,100,100
3193,1311,100,100
3193,1311,100,100
3193,1311,100,100
3192,1316,100,100
3191,1321,100,100
3191,1326,100,100
3190,1331,100,100
3189,1336,100,100
3188,1341,100,100
3187,1346,100,100
3187,1347,100,100
3187,1347,100,100
3183,1352,100,100
3180,1357,100,100
3176,1362,100,100
3173,1366,100,100
3173,1366,100,100
3172,1367,100,100
3172,1367,100,100
3172,1372,100,100
3172,1377,100,100
3171,1382,100,100
3171,1387,100,100
3171,1392,100,100
3171,1397,100,100
3171,1402,100,100
3170,1407,100,100
3170,1412,100,100
3170,1417,100,100
3170,1417,100,100
3170,1417,100,100
3170,1422,100,100
3170,1427,100,100
3170,1432,100,100
3170,1437,100,100
3170,1442,100,100
3170,1447,100,100
3170,1452,100,100
3170,1457,100,100
3170,1462,100,100
3170,1467,100,100
3170,1472,100,100
3170,1477,100,100
3170,1482,100,100
3170,1487,100,100
3170,1492,100,100
3170,1497,100,100
3170,1502,100,100
3170,1507,100,100
3170,1511,100,100
3170,1511,100,100
3169,1516,100,100
3168,1521,100,100
3167,1526,100,100
3166,1531,100,100
3165,1536,100,100
3164,1541,100,100
3163,1546,100,100
3162,1551,100,100
3161,1556,100,100
3160,1561,100,100
3159,1566,100,100
3158,1571,100,100
3157,1576,100,100
3156,1581,100,100
3155,1586,100,100
3154,1591,100,100
3154,1596,100,100
3153,1601,100,100
3152,1606,100,100
3151,1611,100,100
3150,1616,100,100
3149,1621,100,100
3148,1626,100,100
3147,1631,100,100
3146,1636,100,100
3145,1640,100,100
3145,1640,100,100
3145,1645,100,100
3145,1650,100,100
3145,1655,100,100
3145,1660,100,100
3145,1665,100,100
3145,1670,100,100
3145,1675,100,100
3145,1680,100,100
3145,1685,100,100
3145,1690,100,100
3145,1695,100,100
3145,1700,100,100
3145,1705,100,100
3145,1709,100,100
3145,1709,100,100
3146,1714,100,100
3147,1719,100,100
3148,1724,100,100
3149,1729,100,100
3150,1734,100,100
3151,1739,100,100
3152,1744,100,100
3153,1748,100,100
3153,1748,100,100
3155,1753,100,100
3157,1758,100,100
3160,1763,100,100
3162,1768,100,100
3164,1773,100,100
3166,1778,100,100
3169,1783,100,100
3171,1788,100,100
3171,1788,100,100
3171,1788,100,100
3173,1793,100,100
3176,1798,100,100
3178,1803,100,100
3181,1808,100,100
3181,1808,100,100
3181,1808,100,100
3186,1813,100,100
3191,1818,100,100
3195,1823,100,100
3200,1828,100,100
3202,1830,100,100
3202,1830,100,100
3203,1835,100,100
3204,1840,100,100
3205,1845,100,100
3206,1850,100,100
3206,1852,100,100
3206,1852,100,100
3206,1857,100,100
3206,1862,100,100
3206,1867,100,100
3206,1872,100,100
3206,1877,100,100
3206,1882,100,100
3206,1887,100,100
3206,1892,100,100
3206,1897,100,100
3206,1902,100,100
3206,1907,100,100
3206,1912,100,100
3206,1917,100,100
3206,1917,100,100
3206,1917,100,100
3205,1918,100,100
3205,1918,100,100
3208,1923,100,100
3211,1928,100,100
3214,1933,100,100
3217,1938,100,100
3220,1943,100,100
3223,1948,100,100
3226,1953,100,100
3229,1958,100,100
3232,1963,100,100
3235,1968,100,100
3238,1973,100,100
3240,1978,100,100
3243,1983,100,100
3246,1988,100,100
3249,1993,100,100
3252,1998,100,100
3255,2003,100,100
3258,2008,100,100
3261,2013,100,100
3264,2018,100,100
3267,2023,100,100
3270,2028,100,100
3273,2033,100,100
3276,2038,100,100
3279,2043,100,100
3282,2048,100,100
3285,2053,100,100
3288,2058,100,100
3291,2063,100,100
3294,2068,100,100
3297,2073,100,100
3300,2078,100,100
3303,2083,100,100
3305,2088,100,100
3308,2093,100,100
3311,2098,100,100
3314,2103,100,100
3317,2108,100,100
3320,2113,100,100
3323,2118,100,100
3326,2123,100,100
3329,2128,100,100
3332,2133,100,100
3335,2138,100,100
3338,2143,100,100
3341,2148,100,100
3344,2153,100,100
3347,2158,100,100
3350,2163,100,100
3353,2168,100,100
3356,2173,100,100
3359,2178,100,100
3362,2183,100,100
3365,2188,100,100
3368,2193,100,100
3371,2198,100,100
3373,2203,100,100
3376,2208,100,100
3379,2213,100,100
3382,2218,100,100
3385,2223,100,100
3388,2228,100,100
3391,2233,100,100
3394,2238,100,100
3397,2243,100,100
3400,2248,100,100
3403,2253,100,100
3406,2258,100,100
3409,2263,100,100
3412,2268,100,100
3415,2273,100,100
3418,2278,100,100
3421,2283,100,100
3424,2288,100,100
3427,2293,100,100
3430,2298,100,100
3433,2303,100,100
3436,2308,100,100
3438,2313,100,100
3441,2318,100,100
3444,2323,100,100
3447,2328,100,100
3450,2333,100,100
3453,2338,100,100
3456,2343,100,100
3459,2348,100,100
3462,2353,100,100
3465,2358,100,100
3468,2363,100,100
3471,2368,100,100
3474,2373,100,100
3477,2378,100,100
3480,2383,100,100
3483,2388,100,100
3486,2393,100,100
3489,2398,100,100
3492,2403,100,100
3495,2408,100,100
3497,2412,100,100
3497,2412,100,100
3497,2413,100,100
3497,2413,100,100
3499,2418,100,100
3502,2423,100,100
3504,2428,100,100
3507,2433,100,100
3509,2437,100,100
3509,2437,100,100
3510,2439,100,100
3510,2439,100,100
3511,2440,100,100
3511,2440,100,100
3514,2445,100,100
3517,2450,100,100
3517,2450,100,100
3517,2450,100,100
3518,2451,100,100
3518,2451,100,100
3519,2456,100,100
3520,2461,100,100
3520,2461,100,100
3520,2461,100,100
3522,2466,100,100
3525,2471,100,100
3527,2476,100,100
3529,2481,100,100
3532,2486,100,100
3534,2491,100,100
3536,2496,100,100
3539,2501,100,100
3541,2506,100,100
3544,2511,100,100
3544,2512,100,100
3544,2512,100,100
3544,2517,100,100
3544,2520,100,100
3544,2520,100,100
3544,2525,100,100
3545,2530,100,100
3545,2531,100,100
3545,2531,100,100
3546,2536,100,100
3548,2541,100,100
3549,2546,100,100
3551,2551,100,100
3552,2556,100,100
3553,2561,100,100
3555,2566,100,100
3556,2571,100,100
3557,2574,100,100
3557,2574,100,100
3558,2576,100,100
3558,2576,100,100
3562,2581,100,100
3564,2583,100,100
3564,2583,100,100
3569,2588,100,100
3574,2592,100,100
3579,2597,100,100
3584,2602,100,100
3589,2606,100,100
3594,2611,100,100
3594,2611,100,100
3594,2611,100,100
3595,2612,100,100
3595,2612,100,100
3599,2613,100,100
3599,2613,100,100
3604,2615,100,100
3609,2616,100,100
3614,2618,100,100
3619,2620,100,100
3624,2621,100,100
3629,2623,100,100
3634,2625,100,100
3639,2626,100,100
3644,2628,100,100
3649,2630,100,100
3650,2630,100,100
3650,2630,100,100
3655,2632,100,100
3660,2635,100,100
3665,2637,100,100
3670,2640,100,100
3675,2642,100,100
3680,2645,100,100
3685,2647,100,100
3690,2650,100,100
3695,2652,100,100
3700,2655,100,100
3705,2657,100,100
3710,2660,100,100
3715,2662,100,100
3720,2665,100,100
3725,2667,100,100
3730,2670,100,100
3735,2672,100,100
3740,2675,100,100
3743,2676,100,100
3743,2676,100,100
3748,2676,100,100
3753,2677,100,100
3758,2677,100,100
3763,2677,100,100
3768,2678,100,100
3772,2678,100,100
3772,2678,100,100
3777,2680,100,100
3782,2682,100,100
3787,2683,100,100
3789,2684,100,100
3789,2684,100,100
3794,2685,100,100
3799,2687,100,100
3804,2688,100,100
3809,2690,100,100
3814,2691,100,100
3819,2693,100,100
3824,2694,100,100
3829,2696,100,100
3834,2697,100,100
3839,2699,100,100
3840,2699,100,100
3840,2699,100,100
3845,2700,100,100
3846,2700,100,100
3846,2700,100,100
3851,2700,100,100
3856,2700,100,100
3859,2700,100,100
