663,2408,100,100
663,2408,100,100
668,2408,100,100
673,2407,100,100
678,2407,100,100
683,2407,100,100
688,2406,100,100
693,2406,100,100
695,2406,100,100
695,2406,100,100
700,2405,100,100
705,2404,100,100
710,2403,100,100
715,2403,100,100
720,2402,100,100
725,2401,100,100
730,2400,100,100
735,2399,100,100
740,2398,100,100
745,2397,100,100
750,2397,100,100
755,2396,100,100
760,2395,100,100
765,2394,100,100
770,2393,100,100
775,2392,100,100
780,2392,100,100
785,2391,100,100
790,2390,100,100
795,2389,100,100
800,2388,100,100
805,2387,100,100
810,2386,100,100
815,2386,100,100
820,2385,100,100
825,2384,100,100
830,2383,100,100
835,2382,100,100
840,2381,100,100
845,2380,100,100
850,2380,100,100
855,2379,100,100
860,2378,100,100
865,2377,100,100
870,2376,100,100
875,2375,100,100
880,2375,100,100
885,2374,100,100
890,2373,100,100
895,2372,100,100
900,2371,100,100
905,2370,100,100
910,2369,100,100
915,2369,100,100
920,2368,100,100
925,2367,100,100
930,2366,100,100
935,2365,100,100
936,2365,100,100
936,2365,100,100
941,2366,100,100
944,2366,100,100
944,2366,100,100
949,2368,100,100
954,2371,100,100
959,2373,100,100
961,2374,100,100
961,2374,100,100
966,2374,100,100
971,2375,100,100
976,2375,100,100
981,2376,100,100
986,2376,100,100
991,2376,100,100
996,2377,100,100
1001,2377,100,100
1006,2378,100,100
1011,2378,100,100
1016,2379,100,100
1021,2379,100,100
1022,2379,100,100
1022,2379,100,100
1024,2380,100,100
1024,2380,100,100
1029,2385,100,100
1033,2390,100,100
1038,2395,100,100
1043,2400,100,100
1047,2405,100,100
1052,2410,100,100
1056,2415,100,100
1061,2420,100,100
1062,2421,100,100
1062,2421,100,100
1067,2424,100,100
1072,2428,100,100
1077,2431,100,100
1082,2434,100,100
1087,2437,100,100
1092,2441,100,100
1097,2444,100,100
1102,2447,100,100
1103,2448,100,100
1103,2448,100,100
1104,2453,100,100
1105,2458,100,100
1106,2463,100,100
1107,2468,100,100
1108,2473,100,100
1109,2478,100,100
1109,2479,100,100
1109,2479,100,100
1114,2483,100,100
1119,2487,100,100
1124,2491,100,100
1129,2495,100,100
1134,2499,100,100
1139,2503,100,100
1144,2507,100,100
1149,2511,100,100
1149,2511,100,100
1149,2511,100,100
1154,2513,100,100
1159,2514,100,100
1164,2516,100,100
1169,2518,100,100
1174,2520,100,100
1179,2521,100,100
1184,2523,100,100
1189,2525,100,100
1194,2527,100,100
1199,2528,100,100
1204,2530,100,100
1209,2532,100,100
1214,2534,100,100
1219,2535,100,100
1224,2537,100,100
1229,2539,100,100
1234,2540,100,100
1239,2542,100,100
1244,2544,100,100
1249,2546,100,100
1254,2547,100,100
1259,2549,100,100
1264,2551,100,100
1269,2553,100,100
1274,2554,100,100
1279,2556,100,100
1284,2558,100,100
1289,2560,100,100
1294,2561,100,100
1299,2563,100,100
1299,2563,100,100
1299,2563,100,100
1304,2565,100,100
1309,2568,100,100
1314,2570,100,100
1319,2573,100,100
1324,2575,100,100
1329,2578,100,100
1334,2580,100,100
1339,2583,100,100
1344,2585,100,100
1349,2588,100,100
1354,2590,100,100
1359,2593,100,100
1364,2595,100,100
1369,2598,100,100
1374,2600,100,100
1379,2603,100,100
1384,2605,100,100
1389,2608,100,100
1394,2610,100,100
1399,2613,100,100
1404,2615,100,100
1409,2618,100,100
1414,2620,100,100
1419,2623,100,100
1424,2625,100,100
1425,2626,100,100
1425,2626,100,100
1430,2626,100,100
1435,2626,100,100
1440,2627,100,100
1445,2627,100,100
1450,2627,100,100
1455,2627,100,100
1460,2628,100,100
1465,2628,100,100
1466,2628,100,100
1466,2628,100,100
1471,2629,100,100
1476,2630,100,100
1481,2631,100,100
1486,2632,100,100
1491,2633,100,100
1496,2634,100,100
1501,2635,100,100
1506,2636,100,100
1506,2636,100,100
1506,2636,100,100
1507,2638,100,100
1507,2638,100,100
1512,2642,100,100
1517,2646,100,100
1522,2650,100,100
1527,2654,100,100
1532,2658,100,100
1537,2663,100,100
1542,2667,100,100
1547,2671,100,100
1551,2674,100,100
1551,2674,100,100
1552,2675,100,100
1552,2675,100,100
1555,2680,100,100
1557,2685,100,100
1560,2690,100,100
1561,2692,100,100
1561,2692,100,100
1563,2697,100,100
1566,2702,100,100
1566,2702,100,100
1566,2702,100,100
1567,2704,100,100
1567,2704,100,100
1572,2704,100,100
1577,2704,100,100
1582,2704,100,100
1587,2704,100,100
1592,2705,100,100
1597,2705,100,100
1602,2705,100,100
1607,2705,100,100
1612,2705,100,100
1613,2705,100,100
1613,2705,100,100
1614,2706,100,100
1614,2706,100,100
1615,2711,100,100
1617,2716,100,100
1618,2721,100,100
1619,2726,100,100
1621,2731,100,100
1622,2736,100,100
1624,2741,100,100
1625,2746,100,100
1626,2751,100,100
1628,2756,100,100
1629,2761,100,100
1630,2766,100,100
1632,2771,100,100
1633,2776,100,100
1634,2781,100,100
1636,2786,100,100
1637,2791,100,100
1638,2794,100,100
1638,2794,100,100
1639,2796,100,100
1639,2796,100,100
1644,2801,100,100
1649,2805,100,100
1654,2810,100,100
1659,2814,100,100
1664,2819,100,100
1669,2823,100,100
1674,2828,100,100
1674,2828,100,100
1674,2828,100,100
1675,2829,100,100
1675,2829,100,100
1676,2834,100,100
1676,2834,100,100
1676,2834,100,100
1680,2836,100,100
1680,2836,100,100
1682,2841,100,100
1685,2846,100,100
1687,2851,100,100
1690,2856,100,100
1690,2856,100,100
1690,2856,100,100
1692,2860,100,100
1692,2860,100,100
1694,2861,100,100
1694,2861,100,100
1697,2866,100,100
1700,2871,100,100
1703,2876,100,100
1706,2881,100,100
1709,2886,100,100
1711,2891,100,100
1714,2896,100,100
1717,2901,100,100
1720,2906,100,100
1723,2911,100,100
1726,2916,100,100
1729,2921,100,100
1732,2926,100,100
1735,2931,100,100
1737,2935,100,100
1737,2935,100,100
1738,2940,100,100
1738,2940,100,100
1738,2940,100,100
1740,2945,100,100
1743,2950,100,100
1745,2955,100,100
1747,2960,100,100
1750,2965,100,100
1752,2970,100,100
1754,2975,100,100
1757,2980,100,100
1759,2985,100,100
1761,2990,100,100
1764,2995,100,100
1766,3000,100,100
1766,3000,100,100
1766,3000,100,100
1766,3002,100,100
1766,3002,100,100
1766,3007,100,100
1767,3012,100,100
1767,3017,100,100
1767,3022,100,100
1768,3027,100,100
1768,3032,100,100
1768,3034,100,100
1768,3034,100,100
1771,3038,100,100
1771,3038,100,100
1773,3043,100,100
1776,3048,100,100
1778,3053,100,100
1781,3058,100,100
1781,3058,100,100
1781,3058,100,100
1781,3063,100,100
1781,3068,100,100
1781,3073,100,100
1781,3078,100,100
1781,3083,100,100
1781,3087,100,100
1781,3087,100,100
1781,3092,100,100
1781,3097,100,100
1781,3102,100,100
1782,3107,100,100
1782,3112,100,100
1782,3117,100,100
1782,3122,100,100
1782,3126,100,100
1782,3126,100,100
1783,3128,100,100
1783,3128,100,100
1788,3130,100,100
1792,3132,100,100
1792,3132,100,100
1797,3137,100,100
1802,3142,100,100
1807,3147,100,100
1812,3152,100,100
1814,3154,100,100
1814,3154,100,100
1819,3156,100,100
1822,3158,100,100
1822,3158,100,100
1827,3158,100,100
1832,3159,100,100
1837,3159,100,100
1842,3159,100,100
1847,3160,100,100
1852,3160,100,100
1854,3160,100,100
1854,3160,100,100
1859,3162,100,100
1864,3165,100,100
1869,3167,100,100
1874,3170,100,100
1879,3172,100,100
1884,3175,100,100
1886,3176,100,100
1886,3176,100,100
1891,3177,100,100
1896,3177,100,100
1901,3178,100,100
1906,3179,100,100
1906,3179,100,100
1906,3179,100,100
1909,3184,100,100
1912,3189,100,100
1916,3194,100,100
1919,3199,100,100
1922,3204,100,100
1925,3209,100,100
1929,3214,100,100
1932,3219,100,100
1935,3224,100,100
1938,3229,100,100
1939,3230,100,100
1939,3230,100,100
1942,3233,100,100
1942,3233,100,100
1947,3234,100,100
1952,3235,100,100
1957,3237,100,100
1962,3238,100,100
1967,3239,100,100
1972,3240,100,100
1977,3241,100,100
1982,3242,100,100
1987,3244,100,100
1992,3245,100,100
1997,3246,100,100
2001,3247,100,100
2001,3247,100,100
2006,3247,100,100
2008,3247,100,100
2008,3247,100,100
2013,3249,100,100
2018,3251,100,100
2023,3254,100,100
2028,3256,100,100
2033,3258,100,100
2038,3260,100,100
2040,3261,100,100
2040,3261,100,100
2041,3262,100,100
2041,3262,100,100
2046,3265,100,100
2049,3267,100,100
2049,3267,100,100
2050,3268,100,100
2050,3268,100,100
2055,3268,100,100
2060,3268,100,100
2065,3268,100,100
2066,3268,100,100
2066,3268,100,100
2071,3270,100,100
2076,3271,100,100
2081,3273,100,100
2086,3275,100,100
2091,3276,100,100
2096,3278,100,100
2101,3280,100,100
2106,3281,100,100
2111,3283,100,100
2114,3284,100,100
2114,3284,100,100
2119,3288,100,100
2124,3292,100,100
2129,3295,100,100
2134,3299,100,100
2139,3303,100,100
2143,3306,100,100
2143,3306,100,100
2148,3306,100,100
2153,3306,100,100
2158,3307,100,100
2163,3307,100,100
2168,3307,100,100
2173,3307,100,100
2178,3308,100,100
2183,3308,100,100
2188,3308,100,100
2189,3308,100,100
2189,3308,100,100
2194,3309,100,100
2199,3309,100,100
2204,3310,100,100
2209,3311,100,100
2214,3312,100,100
2219,3312,100,100
2224,3313,100,100
2229,3314,100,100
2231,3314,100,100
2231,3314,100,100
2236,3314,100,100
2241,3314,100,100
2246,3314,100,100
2251,3314,100,100
2256,3314,100,100
2261,3314,100,100
2266,3314,100,100
2271,3314,100,100
2276,3314,100,100
2279,3314,100,100
2279,3314,100,100
2284,3314,100,100
2289,3313,100,100
2292,3313,100,100
2292,3313,100,100
2296,3313,100,100
2296,3313,100,100
2301,3314,100,100
2306,3315,100,100
2311,3317,100,100
2316,3318,100,100
2321,3319,100,100
2321,3319,100,100
2321,3319,100,100
2326,3319,100,100
2331,3319,100,100
2336,3319,100,100
2341,3319,100,100
2346,3319,100,100
2351,3319,100,100
2352,3319,100,100
2352,3319,100,100
2357,3319,100,100
2362,3319,100,100
2367,3318,100,100
2372,3318,100,100
2377,3318,100,100
2382,3318,100,100
2387,3318,100,100
2392,3318,100,100
2397,3317,100,100
2402,3317,100,100
2407,3317,100,100
2412,3317,100,100
2417,3317,100,100
2422,3316,100,100
2427,3316,100,100
2432,3316,100,100
2437,3316,100,100
2442,3316,100,100
2447,3316,100,100
2452,3315,100,100
2457,3315,100,100
2462,3315,100,100
2467,3315,100,100
2472,3315,100,100
2477,3314,100,100
2482,3314,100,100
2487,3314,100,100
2492,3314,100,100
2497,3314,100,100
2502,3313,100,100
2507,3313,100,100
2512,3313,100,100
2515,3313,100,100
2515,3313,100,100
2520,3311,100,100
2525,3308,100,100
2526,3308,100,100
