3285,62,100,100
3285,62,100,100
3285,67,100,100
3284,72,100,100
3284,77,100,100
3284,82,100,100
3284,87,100,100
3283,92,100,100
3283,97,100,100
3283,102,100,100
3283,107,100,100
3282,112,100,100
3282,117,100,100
3282,122,100,100
3282,127,100,100
3281,132,100,100
3281,137,100,100
3281,137,100,100
3281,137,100,100
3280,139,100,100
3280,139,100,100
3275,144,100,100
3270,149,100,100
3265,154,100,100
3260,159,100,100
3255,164,100,100
3250,169,100,100
3245,174,100,100
3241,178,100,100
3241,178,100,100
3238,183,100,100
3236,188,100,100
3233,193,100,100
3230,198,100,100
3230,198,100,100
3230,198,100,100
3228,203,100,100
3225,208,100,100
3223,213,100,100
3220,218,100,100
3218,223,100,100
3216,228,100,100
3213,233,100,100
3211,238,100,100
3208,243,100,100
3206,248,100,100
3203,253,100,100
3203,254,100,100
3203,254,100,100
3202,256,100,100
3202,256,100,100
3197,258,100,100
3192,259,100,100
3187,261,100,100
3182,263,100,100
3177,265,100,100
3172,266,100,100
3167,268,100,100
3162,270,100,100
3161,270,100,100
3161,270,100,100
3157,275,100,100
3153,280,100,100
3149,285,100,100
3145,290,100,100
3141,295,100,100
3137,300,100,100
3133,305,100,100
3129,310,100,100
3128,311,100,100
3128,311,100,100
3127,312,100,100
3127,312,100,100
3122,316,100,100
3117,320,100,100
3114,323,100,100
3114,323,100,100
3113,324,100,100
3113,324,100,100
3108,324,100,100
3103,324,100,100
3098,325,100,100
3093,325,100,100
3088,325,100,100
3083,325,100,100
3078,325,100,100
3073,325,100,100
3068,326,100,100
3063,326,100,100
3058,326,100,100
3058,326,100,100
3058,326,100,100
3055,326,100,100
3055,326,100,100
3054,325,100,100
3054,325,100,100
3051,320,100,100
3048,316,100,100
3048,316,100,100
3046,314,100,100
3046,314,100,100
3041,314,100,100
3036,314,100,100
3031,314,100,100
3026,314,100,100
3026,314,100,100
3026,314,100,100
3021,317,100,100
3016,320,100,100
3011,322,100,100
3008,324,100,100
3008,324,100,100
3007,325,100,100
3007,325,100,100
3007,330,100,100
3007,335,100,100
3007,340,100,100
3007,345,100,100
3007,345,100,100
3007,345,100,100
3009,350,100,100
3011,355,100,100
3012,358,100,100
3012,358,100,100
3012,363,100,100
3011,368,100,100
3011,371,100,100
3011,371,100,100
3012,376,100,100
3012,381,100,100
3013,386,100,100
3013,391,100,100
3014,396,100,100
3014,401,100,100
3015,406,100,100
3015,411,100,100
3016,416,100,100
3016,421,100,100
3017,426,100,100
3017,428,100,100
3017,428,100,100
3017,433,100,100
3017,438,100,100
3017,443,100,100
3017,446,100,100
3017,446,100,100
3017,451,100,100
3017,456,100,100
3017,461,100,100
3016,466,100,100
3016,471,100,100
3016,476,100,100
3016,481,100,100
3016,486,100,100
3016,491,100,100
3016,496,100,100
3015,501,100,100
3015,506,100,100
3015,511,100,100
3015,516,100,100
3015,518,100,100
3015,518,100,100
3010,522,100,100
3005,527,100,100
3000,531,100,100
2995,536,100,100
2990,540,100,100
2985,545,100,100
2980,549,100,100
2975,554,100,100
2970,558,100,100
2965,563,100,100
2960,567,100,100
2955,572,100,100
2950,576,100,100
2945,581,100,100
2940,585,100,100
2935,590,100,100
2930,594,100,100
2930,594,100,100
2930,594,100,100
2929,595,100,100
2929,595,100,100
2927,600,100,100
2924,605,100,100
2922,610,100,100
2919,615,100,100
2917,620,100,100
2914,625,100,100
2912,630,100,100
2909,635,100,100
2907,640,100,100
2905,645,100,100
2902,650,100,100
2900,655,100,100
2897,660,100,100
2895,665,100,100
2892,670,100,100
2890,675,100,100
2888,679,100,100
2888,679,100,100
2887,681,100,100
2887,681,100,100
2882,684,100,100
2877,686,100,100
2873,688,100,100
2873,688,100,100
2868,689,100,100
2864,689,100,100
2864,689,100,100
2859,691,100,100
2854,694,100,100
2849,696,100,100
2847,697,100,100
2847,697,100,100
2842,697,100,100
2837,698,100,100
2834,698,100,100
2834,698,100,100
2829,701,100,100
2824,703,100,100
2819,706,100,100
2818,706,100,100
2818,706,100,100
2813,706,100,100
2808,707,100,100
2803,707,100,100
2803,707,100,100
2803,707,100,100
2798,710,100,100
2793,712,100,100
2788,715,100,100
2785,716,100,100
2785,716,100,100
2780,716,100,100
2775,717,100,100
2774,717,100,100
2774,717,100,100
2769,718,100,100
2764,718,100,100
2760,719,100,100
2760,719,100,100
2755,721,100,100
2750,723,100,100
2745,725,100,100
2740,727,100,100
2735,729,100,100
2730,731,100,100
2725,733,100,100
2720,735,100,100
2715,737,100,100
2710,739,100,100
2710,739,100,100
2710,739,100,100
2710,744,100,100
2709,749,100,100
2709,754,100,100
2709,759,100,100
2709,764,100,100
2708,769,100,100
2708,774,100,100
2708,774,100,100
2708,774,100,100
2707,779,100,100
2705,784,100,100
2704,789,100,100
2704,789,100,100
2704,789,100,100
2704,794,100,100
2704,799,100,100
2704,804,100,100
2704,809,100,100
2704,814,100,100
2704,815,100,100
2704,815,100,100
2703,820,100,100
2702,823,100,100
2702,823,100,100
2700,827,100,100
2700,827,100,100
2700,832,100,100
2700,835,100,100
2700,835,100,100
2697,840,100,100
2693,845,100,100
2690,850,100,100
2687,855,100,100
2683,860,100,100
2680,865,100,100
2677,870,100,100
2673,875,100,100
2670,880,100,100
2667,885,100,100
2663,890,100,100
2660,895,100,100
2657,900,100,100
2653,905,100,100
2650,910,100,100
2648,913,100,100
2648,913,100,100
2647,914,100,100
2647,914,100,100
2646,919,100,100
2644,924,100,100
2643,929,100,100
2642,932,100,100
2642,932,100,100
2642,937,100,100
2641,942,100,100
2641,947,100,100
2641,952,100,100
2640,957,100,100
2640,962,100,100
2640,967,100,100
2640,972,100,100
2639,977,100,100
2639,982,100,100
2639,987,100,100
2638,992,100,100
2638,997,100,100
2638,1002,100,100
2637,1007,100,100
2637,1012,100,100
2637,1012,100,100
2637,1012,100,100
2634,1017,100,100
2631,1022,100,100
2627,1027,100,100
2624,1032,100,100
2621,1037,100,100
2618,1042,100,100
2614,1047,100,100
2611,1052,100,100
2608,1057,100,100
2605,1062,100,100
2602,1066,100,100
2602,1066,100,100
2597,1066,100,100
2596,1066,100,100
2596,1066,100,100
2595,1068,100,100
2595,1068,100,100
2590,1073,100,100
2585,1078,100,100
2580,1083,100,100
2575,1088,100,100
2570,1093,100,100
2565,1098,100,100
2560,1103,100,100
2556,1107,100,100
2556,1107,100,100
2551,1108,100,100
2547,1109,100,100
2547,1109,100,100
2542,1113,100,100
2537,1117,100,100
2532,1121,100,100
2527,1125,100,100
2522,1129,100,100
2517,1134,100,100
2512,1138,100,100
2507,1142,100,100
2502,1146,100,100
2497,1150,100,100
2492,1154,100,100
2487,1158,100,100
2482,1162,100,100
2477,1166,100,100
2472,1170,100,100
2467,1174,100,100
2462,1179,100,100
2459,1181,100,100
2459,1181,100,100
2459,1186,100,100
2458,1191,100,100
2458,1196,100,100
2458,1201,100,100
2458,1206,100,100
2457,1211,100,100
2457,1215,100,100
2457,1215,100,100
2453,1220,100,100
2450,1225,100,100
2446,1230,100,100
2442,1235,100,100
2439,1240,100,100
2435,1245,100,100
2432,1250,100,100
2428,1255,100,100
2424,1260,100,100
2421,1265,100,100
2417,1270,100,100
2413,1275,100,100
2410,1280,100,100
2409,1281,100,100
2409,1281,100,100
2404,1286,100,100
2399,1291,100,100
2394,1296,100,100
2389,1301,100,100
2384,1306,100,100
2379,1311,100,100
2374,1316,100,100
2369,1321,100,100
2364,1326,100,100
2359,1331,100,100
2354,1336,100,100
2349,1341,100,100
2344,1346,100,100
2339,1351,100,100
2334,1356,100,100
2329,1361,100,100
2324,1366,100,100
2323,1367,100,100
2323,1367,100,100
2322,1368,100,100
2322,1368,100,100
2320,1373,100,100
2318,1378,100,100
2316,1383,100,100
2315,1386,100,100
2315,1386,100,100
2313,1391,100,100
2310,1396,100,100
2308,1401,100,100
2305,1406,100,100
2303,1411,100,100
2300,1416,100,100
2298,1421,100,100
2295,1426,100,100
2293,1431,100,100
2290,1436,100,100
2288,1440,100,100
2288,1440,100,100
2283,1445,100,100
2282,1446,100,100
2282,1446,100,100
2282,1451,100,100
2282,1456,100,100
2281,1461,100,100
2281,1466,100,100
2281,1466,100,100
2281,1466,100,100
2281,1471,100,100
2281,1476,100,100
2281,1481,100,100
2281,1486,100,100
2281,1491,100,100
2281,1496,100,100
2281,1501,100,100
2281,1505,100,100
2281,1505,100,100
2279,1510,100,100
2276,1515,100,100
2274,1520,100,100
2273,1521,100,100
2273,1521,100,100
2269,1526,100,100
2264,1531,100,100
2260,1536,100,100
2257,1539,100,100
2257,1539,100,100
2253,1544,100,100
2249,1549,100,100
2245,1554,100,100
2241,1559,100,100
2237,1564,100,100
2233,1569,100,100
2229,1574,100,100
2225,1579,100,100
2221,1584,100,100
2219,1586,100,100
2219,1586,100,100
2218,1587,100,100
2218,1587,100,100
2217,1592,100,100
2217,1597,100,100
2216,1602,100,100
2215,1607,100,100
2215,1612,100,100
2214,1617,100,100
2213,1622,100,100
2213,1627,100,100
2212,1632,100,100
2211,1637,100,100
2211,1642,100,100
2210,1647,100,100
2210,1652,100,100
2209,1656,100,100
2209,1656,100,100
2209,1661,100,100
2209,1666,100,100
2209,1671,100,100
2209,1676,100,100
2209,1681,100,100
2209,1686,100,100
2209,1691,100,100
2209,1696,100,100
2209,1701,100,100
2209,1706,100,100
2209,1711,100,100
2209,1716,100,100
2209,1721,100,100
2209,1726,100,100
2209,1731,100,100
2209,1735,100,100
2209,1735,100,100
2209,1740,100,100
2209,1745,100,100
2208,1750,100,100
2208,1755,100,100
2208,1760,100,100
2208,1765,100,100
2207,1770,100,100
2207,1775,100,100
2207,1780,100,100
2207,1785,100,100
2207,1790,100,100
2206,1795,100,100
2206,1800,100,100
2206,1801,100,100
2206,1801,100,100
2206,1806,100,100
2206,1811,100,100
2207,1816,100,100
2207,1821,100,100
2207,1826,100,100
2207,1831,100,100
2207,1836,100,100
2208,1841,100,100
2208,1846,100,100
2208,1849,100,100
2208,1849,100,100
2208,1854,100,100
2209,1859,100,100
2209,1864,100,100
2209,1869,100,100
2210,1874,100,100
2210,1879,100,100
2210,1884,100,100
2211,1889,100,100
2211,1894,100,100
2211,1899,100,100
2212,1904,100,100
2212,1909,100,100
2212,1914,100,100
2213,1919,100,100
2213,1924,100,100
2213,1924,100,100
2213,1924,100,100
2214,1925,100,100
2214,1925,100,100
2214,1930,100,100
2214,1935,100,100
2214,1940,100,100
2215,1945,100,100
2215,1950,100,100
2215,1955,100,100
2215,1960,100,100
2215,1965,100,100
2215,1970,100,100
2215,1975,100,100
2215,1980,100,100
2216,1985,100,100
2216,1990,100,100
2216,1995,100,100
2216,2000,100,100
2216,2001,100,100
2216,2001,100,100
2214,2006,100,100
2213,2007,100,100
2213,2007,100,100
2212,2008,100,100
2212,2008,100,100
2207,2011,100,100
2202,2013,100,100
2202,2013,100,100
2202,2013,100,100
2198,2016,100,100
2198,2016,100,100
2197,2021,100,100
2196,2026,100,100
2194,2031,100,100
2193,2036,100,100
2192,2041,100,100
2191,2045,100,100
2191,2045,100,100
2189,2050,100,100
2189,2050,100,100
2189,2050,100,100
2189,2053,100,100
2189,2053,100,100
2188,2055,100,100
2188,2055,100,100
2188,2060,100,100
2188,2065,100,100
2188,2065,100,100
2188,2065,100,100
2184,2070,100,100
2180,2075,100,100
2176,2080,100,100
2172,2085,100,100
2172,2085,100,100
2172,2085,100,100
2167,2089,100,100
2162,2094,100,100
2157,2098,100,100
2152,2103,100,100
2147,2107,100,100
2142,2112,100,100
2137,2116,100,100
2135,2118,100,100
2135,2118,100,100
2134,2119,100,100
2134,2119,100,100
2133,2121,100,100
2133,2121,100,100
2132,2122,100,100
2132,2122,100,100
2130,2127,100,100
2129,2132,100,100
2127,2137,100,100
2125,2142,100,100
2124,2147,100,100
2122,2152,100,100
2120,2157,100,100
2119,2162,100,100
2117,2167,100,100
2115,2172,100,100
2113,2177,100,100
2112,2182,100,100
2110,2187,100,100
2108,2192,100,100
2107,2197,100,100
2105,2202,100,100
2103,2207,100,100
2102,2212,100,100
2101,2214,100,100
2101,2214,100,100
2101,2219,100,100
2101,2224,100,100
2101,2229,100,100
2101,2234,100,100
2101,2239,100,100
2101,2244,100,100
2101,2249,100,100
2101,2254,100,100
2101,2259,100,100
2101,2264,100,100
2101,2269,100,100
2101,2274,100,100
2101,2279,100,100
2101,2284,100,100
2101,2284,100,100
2101,2284,100,100
2099,2289,100,100
2096,2294,100,100
2094,2298,100,100
2094,2298,100,100
2089,2303,100,100
2087,2305,100,100
2087,2305,100,100
2087,2310,100,100
2087,2315,100,100
2087,2320,100,100
2086,2325,100,100
2086,2330,100,100
2086,2335,100,100
2086,2338,100,100
