3121,325,100,100
3121,325,100,100
3117,329,100,100
3117,329,100,100
3116,329,100,100
3116,329,100,100
3111,329,100,100
3106,329,100,100
3101,328,100,100
3096,328,100,100
3091,328,100,100
3086,328,100,100
3081,327,100,100
3076,327,100,100
3071,327,100,100
3066,327,100,100
3061,326,100,100
3056,326,100,100
3055,326,100,100
3055,326,100,100
3054,325,100,100
3054,325,100,100
3051,320,100,100
3048,316,100,100
3048,316,100,100
3046,314,100,100
3046,314,100,100
3041,314,100,100
3036,314,100,100
3031,314,100,100
3026,314,100,100
3026,314,100,100
3026,314,100,100
3021,317,100,100
3016,320,100,100
3011,322,100,100
3008,324,100,100
3008,324,100,100
3007,325,100,100
3007,325,100,100
3007,330,100,100
3007,335,100,100
3007,340,100,100
3007,345,100,100
3007,345,100,100
3007,345,100,100
3009,350,100,100
3011,355,100,100
3012,358,100,100
3012,358,100,100
3012,363,100,100
3011,368,100,100
3011,371,100,100
3011,371,100,100
3012,376,100,100
3012,381,100,100
3013,386,100,100
3013,391,100,100
3014,396,100,100
3014,401,100,100
3015,406,100,100
3015,411,100,100
3016,416,100,100
3016,421,100,100
3017,426,100,100
3017,428,100,100
3017,428,100,100
3017,433,100,100
3017,438,100,100
3017,443,100,100
3017,446,100,100
3017,446,100,100
3017,451,100,100
3017,456,100,100
3017,461,100,100
3016,466,100,100
3016,471,100,100
3016,476,100,100
3016,481,100,100
3016,486,100,100
3016,491,100,100
3016,496,100,100
3015,501,100,100
3015,506,100,100
3015,511,100,100
3015,516,100,100
3015,518,100,100
3015,518,100,100
3015,523,100,100
3015,528,100,100
3015,533,100,100
3015,538,100,100
3015,543,100,100
3015,548,100,100
3015,553,100,100
3015,558,100,100
3015,563,100,100
3015,568,100,100
3015,573,100,100
3015,578,100,100
3015,583,100,100
3015,588,100,100
3015,589,100,100
3015,589,100,100
3016,591,100,100
3016,591,100,100
3021,596,100,100
3026,601,100,100
3031,606,100,100
3036,611,100,100
3041,616,100,100
3046,621,100,100
3051,626,100,100
3056,631,100,100
3061,636,100,100
3066,641,100,100
3071,646,100,100
3073,648,100,100
3073,648,100,100
3076,653,100,100
3078,658,100,100
3081,663,100,100
3081,663,100,100
3081,663,100,100
3081,668,100,100
3081,673,100,100
3082,678,100,100
3082,683,100,100
3082,687,100,100
3082,687,100,100
3084,692,100,100
3087,697,100,100
3089,702,100,100
3090,703,100,100
3090,703,100,100
3095,708,100,100
3099,713,100,100
3100,714,100,100
3100,714,100,100
3101,719,100,100
3102,724,100,100
3103,729,100,100
3105,734,100,100
3105,736,100,100
3105,736,100,100
3105,741,100,100
3105,746,100,100
3106,751,100,100
3106,756,100,100
3106,761,100,100
3106,766,100,100
3106,771,100,100
3106,776,100,100
3107,781,100,100
3107,786,100,100
3107,791,100,100
3107,791,100,100
3107,791,100,100
3108,796,100,100
3109,801,100,100
3110,806,100,100
3111,811,100,100
3112,816,100,100
3112,818,100,100
3112,818,100,100
3112,823,100,100
3112,824,100,100
3112,824,100,100
3111,826,100,100
3111,826,100,100
3110,827,100,100
3110,827,100,100
3110,832,100,100
3110,837,100,100
3110,842,100,100
3110,847,100,100
3110,852,100,100
3110,857,100,100
3110,862,100,100
3110,867,100,100
3110,869,100,100
3110,869,100,100
3109,874,100,100
3109,879,100,100
3108,884,100,100
3108,886,100,100
3108,886,100,100
3108,891,100,100
3108,896,100,100
3108,901,100,100
3108,906,100,100
3108,911,100,100
3108,916,100,100
3108,921,100,100
3108,926,100,100
3108,931,100,100
3108,936,100,100
3108,941,100,100
3108,946,100,100
3108,951,100,100
3108,955,100,100
3108,955,100,100
3107,960,100,100
3106,965,100,100
3105,970,100,100
3104,975,100,100
3104,977,100,100
3104,977,100,100
3104,982,100,100
3104,987,100,100
3104,992,100,100
3104,992,100,100
3104,992,100,100
3104,997,100,100
3104,1002,100,100
3103,1007,100,100
3103,1012,100,100
3103,1016,100,100
3103,1016,100,100
3103,1021,100,100
3102,1026,100,100
3102,1028,100,100
3102,1028,100,100
3101,1033,100,100
3101,1038,100,100
3100,1043,100,100
3100,1047,100,100
3100,1047,100,100
3098,1052,100,100
3095,1057,100,100
3093,1062,100,100
3092,1064,100,100
3092,1064,100,100
3092,1069,100,100
3091,1074,100,100
3091,1079,100,100
3091,1084,100,100
3090,1089,100,100
3090,1094,100,100
3090,1099,100,100
3089,1104,100,100
3089,1109,100,100
3089,1109,100,100
3089,1109,100,100
3088,1114,100,100
3086,1119,100,100
3086,1119,100,100
3086,1119,100,100
3084,1124,100,100
3083,1129,100,100
3081,1134,100,100
3080,1139,100,100
3078,1144,100,100
3077,1147,100,100
3077,1147,100,100
3078,1152,100,100
3078,1152,100,100
3078,1152,100,100
3080,1157,100,100
3083,1162,100,100
3085,1167,100,100
3088,1172,100,100
3088,1172,100,100
3088,1172,100,100
3088,1177,100,100
3089,1182,100,100
3089,1187,100,100
3089,1187,100,100
3089,1187,100,100
3090,1192,100,100
3092,1197,100,100
3093,1202,100,100
3094,1207,100,100
3095,1209,100,100
3095,1209,100,100
3095,1214,100,100
3094,1219,100,100
3094,1219,100,100
3094,1219,100,100
3093,1224,100,100
3092,1229,100,100
3091,1234,100,100
3091,1234,100,100
3091,1234,100,100
3091,1239,100,100
3091,1244,100,100
3091,1244,100,100
3091,1244,100,100
3091,1249,100,100
3091,1254,100,100
3091,1259,100,100
3090,1264,100,100
3090,1269,100,100
3090,1274,100,100
3090,1279,100,100
3090,1284,100,100
3090,1289,100,100
3089,1294,100,100
3089,1299,100,100
3089,1304,100,100
3089,1309,100,100
3089,1310,100,100
3089,1310,100,100
3089,1315,100,100
3089,1320,100,100
3089,1325,100,100
3088,1330,100,100
3088,1335,100,100
3088,1340,100,100
3088,1345,100,100
3088,1350,100,100
3088,1355,100,100
3087,1360,100,100
3087,1365,100,100
3087,1370,100,100
3087,1375,100,100
3087,1380,100,100
3087,1385,100,100
3087,1390,100,100
3086,1395,100,100
3086,1400,100,100
3086,1405,100,100
3086,1406,100,100
3086,1406,100,100
3086,1411,100,100
3087,1416,100,100
3087,1421,100,100
3087,1426,100,100
3088,1431,100,100
3088,1436,100,100
3088,1441,100,100
3089,1446,100,100
3089,1448,100,100
3089,1448,100,100
3089,1453,100,100
3089,1458,100,100
3089,1463,100,100
3089,1468,100,100
3089,1473,100,100
3089,1478,100,100
3089,1483,100,100
3089,1488,100,100
3089,1493,100,100
3089,1498,100,100
3089,1503,100,100
3089,1508,100,100
3089,1512,100,100
3089,1512,100,100
3091,1517,100,100
3092,1522,100,100
3094,1527,100,100
3096,1532,100,100
3097,1537,100,100
3099,1542,100,100
3100,1547,100,100
3102,1552,100,100
3104,1557,100,100
3105,1562,100,100
3107,1567,100,100
3109,1572,100,100
3110,1577,100,100
3112,1582,100,100
3114,1587,100,100
3115,1592,100,100
3117,1597,100,100
3119,1602,100,100
3120,1607,100,100
3122,1612,100,100
3123,1617,100,100
3125,1622,100,100
3127,1627,100,100
3128,1632,100,100
3130,1637,100,100
3131,1640,100,100
3131,1640,100,100
3131,1645,100,100
3131,1650,100,100
3131,1655,100,100
3131,1660,100,100
3131,1665,100,100
3131,1670,100,100
3131,1675,100,100
3131,1680,100,100
3131,1685,100,100
3131,1690,100,100
3131,1695,100,100
3131,1700,100,100
3131,1705,100,100
3131,1706,100,100
3131,1706,100,100
3130,1708,100,100
3130,1708,100,100
3133,1713,100,100
3135,1718,100,100
3138,1723,100,100
3140,1728,100,100
3143,1733,100,100
3145,1738,100,100
3148,1743,100,100
3150,1748,100,100
3153,1753,100,100
3155,1758,100,100
3158,1763,100,100
3160,1768,100,100
3163,1773,100,100
3165,1778,100,100
3168,1783,100,100
3170,1788,100,100
3173,1793,100,100
3175,1798,100,100
3178,1803,100,100
3180,1807,100,100
3180,1807,100,100
3185,1812,100,100
3190,1817,100,100
3194,1822,100,100
3199,1827,100,100
3202,1830,100,100
3202,1830,100,100
3203,1835,100,100
3204,1840,100,100
3205,1845,100,100
3206,1850,100,100
3206,1852,100,100
3206,1852,100,100
3206,1857,100,100
3206,1862,100,100
3206,1867,100,100
3206,1872,100,100
3206,1877,100,100
3206,1882,100,100
3206,1887,100,100
3206,1892,100,100
3206,1897,100,100
3206,1902,100,100
3206,1907,100,100
3206,1912,100,100
3206,1917,100,100
3206,1917,100,100
3206,1917,100,100
3205,1918,100,100
3205,1918,100,100
3206,1923,100,100
3207,1928,100,100
3208,1933,100,100
3210,1938,100,100
3211,1943,100,100
3212,1948,100,100
3213,1953,100,100
3214,1958,100,100
3215,1963,100,100
3216,1968,100,100
3217,1973,100,100
3219,1978,100,100
3220,1983,100,100
3221,1988,100,100
3222,1993,100,100
3223,1998,100,100
3224,2003,100,100
3225,2008,100,100
3226,2013,100,100
3228,2018,100,100
3229,2023,100,100
3230,2028,100,100
3231,2033,100,100
3232,2038,100,100
3233,2043,100,100
3234,2048,100,100
3236,2053,100,100
3237,2058,100,100
3238,2063,100,100
3239,2068,100,100
3240,2073,100,100
3241,2078,100,100
3242,2083,100,100
3243,2088,100,100
3245,2093,100,100
3246,2098,100,100
3247,2103,100,100
3248,2108,100,100
3249,2113,100,100
3250,2118,100,100
3251,2123,100,100
3252,2128,100,100
3254,2133,100,100
3255,2138,100,100
3256,2143,100,100
3257,2148,100,100
3258,2153,100,100
3259,2158,100,100
3260,2163,100,100
3262,2168,100,100
3263,2173,100,100
3264,2178,100,100
3265,2183,100,100
3266,2188,100,100
3267,2193,100,100
3268,2198,100,100
3269,2203,100,100
3271,2208,100,100
3272,2213,100,100
3273,2218,100,100
3274,2223,100,100
3275,2228,100,100
3276,2233,100,100
3277,2238,100,100
3278,2243,100,100
3280,2248,100,100
3281,2253,100,100
3282,2258,100,100
3283,2263,100,100
3284,2268,100,100
3285,2273,100,100
3286,2278,100,100
3287,2283,100,100
3289,2288,100,100
3290,2293,100,100
3291,2298,100,100
3292,2303,100,100
3293,2308,100,100
3294,2313,100,100
3295,2318,100,100
3297,2323,100,100
3298,2328,100,100
3299,2333,100,100
3300,2338,100,100
3301,2343,100,100
3302,2348,100,100
3303,2353,100,100
3304,2358,100,100
3306,2363,100,100
3307,2368,100,100
3308,2373,100,100
3309,2378,100,100
3310,2383,100,100
3311,2388,100,100
3312,2393,100,100
3313,2398,100,100
3315,2403,100,100
3316,2408,100,100
3317,2413,100,100
3318,2418,100,100
3319,2423,100,100
3320,2428,100,100
3321,2433,100,100
3323,2438,100,100
3324,2443,100,100
3325,2448,100,100
3326,2453,100,100
3327,2458,100,100
3328,2463,100,100
3329,2468,100,100
3330,2473,100,100
3332,2478,100,100
3333,2483,100,100
3334,2488,100,100
3335,2493,100,100
3336,2498,100,100
3337,2502,100,100
3337,2502,100,100
3339,2507,100,100
3341,2512,100,100
3343,2517,100,100
3346,2522,100,100
3348,2527,100,100
3350,2532,100,100
3350,2532,100,100
3350,2532,100,100
3351,2533,100,100
3351,2533,100,100
3354,2535,100,100
3354,2535,100,100
3356,2536,100,100
3356,2536,100,100
3360,2536,100,100
3360,2536,100,100
3364,2538,100,100
3364,2538,100,100
3365,2540,100,100
3365,2540,100,100
3370,2543,100,100
3375,2546,100,100
3380,2549,100,100
3385,2553,100,100
3390,2556,100,100
3395,2559,100,100
3400,2562,100,100
3405,2565,100,100
3410,2568,100,100
3415,2571,100,100
3420,2574,100,100
3424,2577,100,100
3424,2577,100,100
3424,2582,100,100
3424,2587,100,100
3424,2592,100,100
3425,2597,100,100
3425,2602,100,100
3425,2607,100,100
3425,2612,100,100
3425,2614,100,100
3425,2614,100,100
3424,2616,100,100
3424,2616,100,100
3424,2618,100,100
3424,2618,100,100
3423,2620,100,100
3423,2620,100,100
3424,2621,100,100
3424,2621,100,100
3423,2622,100,100
3423,2622,100,100
3424,2627,100,100
3426,2632,100,100
3427,2637,100,100
3429,2642,100,100
3430,2647,100,100
3432,2652,100,100
3433,2657,100,100
3435,2662,100,100
3436,2667,100,100
3438,2672,100,100
3439,2677,100,100
3441,2682,100,100
3442,2687,100,100
3444,2692,100,100
3445,2697,100,100
3447,2702,100,100
3448,2707,100,100
3450,2712,100,100
3451,2717,100,100
3453,2722,100,100
3453,2722,100,100
3453,2722,100,100
3455,2727,100,100
3456,2732,100,100
3458,2737,100,100
3459,2742,100,100
3461,2747,100,100
3463,2752,100,100
3464,2757,100,100
3466,2762,100,100
3466,2762,100,100
3466,2762,100,100
3467,2764,100,100
3467,2764,100,100
3468,2764,100,100
3468,2764,100,100
3470,2769,100,100
3472,2772,100,100
3472,2772,100,100
3472,2777,100,100
3472,2782,100,100
3472,2782,100,100
3472,2782,100,100
3473,2787,100,100
3473,2792,100,100
3474,2797,100,100
3474,2802,100,100
3475,2807,100,100
3476,2812,100,100
3476,2817,100,100
3477,2822,100,100
3477,2823,100,100
3477,2823,100,100
3480,2826,100,100
3480,2826,100,100
3480,2831,100,100
3481,2836,100,100
3481,2841,100,100
3481,2846,100,100
3482,2851,100,100
3482,2856,100,100
3482,2861,100,100
3483,2866,100,100
3483,2871,100,100
3483,2876,100,100
3484,2881,100,100
3484,2886,100,100
3484,2891,100,100
3484,2896,100,100
3485,2901,100,100
3485,2906,100,100
3485,2911,100,100
3486,2916,100,100
3486,2921,100,100
3486,2926,100,100
3487,2931,100,100
3487,2936,100,100
3487,2941,100,100
3488,2946,100,100
3488,2951,100,100
3488,2956,100,100
3489,2961,100,100
3489,2966,100,100
3489,2971,100,100
3490,2976,100,100
3490,2981,100,100
3490,2986,100,100
3491,2991,100,100
3491,2996,100,100
3491,3001,100,100
3492,3006,100,100
3492,3011,100,100
3492,3016,100,100
3493,3021,100,100
3493,3026,100,100
3493,3031,100,100
3493,3036,100,100
3494,3041,100,100
3494,3046,100,100
3494,3051,100,100
3495,3056,100,100
3495,3061,100,100
3495,3066,100,100
3496,3071,100,100
3496,3076,100,100
3496,3081,100,100
3497,3086,100,100
3497,3091,100,100
3497,3096,100,100
3498,3101,100,100
3498,3106,100,100
3498,3106,100,100
3498,3106,100,100
3498,3111,100,100
3498,3116,100,100
3498,3121,100,100
3498,3126,100,100
3498,3130,100,100
3498,3130,100,100
3500,3135,100,100
3502,3140,100,100
3504,3145,100,100
3506,3150,100,100
3508,3155,100,100
3509,3160,100,100
3511,3165,100,100
3513,3170,100,100
3515,3175,100,100
3517,3180,100,100
3519,3185,100,100
3521,3190,100,100
3523,3195,100,100
3525,3200,100,100
3527,3205,100,100
3529,3210,100,100
3530,3215,100,100
3532,3219,100,100
3532,3219,100,100
3532,3224,100,100
3532,3229,100,100
3532,3234,100,100
3532,3239,100,100
3532,3244,100,100
3532,3245,100,100
3532,3245,100,100
3532,3250,100,100
3532,3255,100,100
3532,3260,100,100
3533,3265,100,100
3533,3270,100,100
3533,3275,100,100
3533,3280,100,100
3533,3280,100,100
3533,3280,100,100
3534,3285,100,100
3536,3290,100,100
3537,3295,100,100
3539,3300,100,100
3540,3305,100,100
3541,3310,100,100
3542,3312,100,100
3542,3312,100,100
3544,3317,100,100
3547,3322,100,100
3549,3327,100,100
3551,3332,100,100
3554,3337,100,100
3556,3342,100,100
3559,3347,100,100
3561,3352,100,100
3561,3352,100,100
3561,3352,100,100
3561,3357,100,100
3562,3362,100,100
3562,3367,100,100
3563,3372,100,100
3563,3375,100,100
3563,3375,100,100
3565,3380,100,100
3568,3385,100,100
3570,3390,100,100
3573,3395,100,100
3573,3395,100,100
3573,3395,100,100
3573,3400,100,100
3574,3405,100,100
3574,3410,100,100
3574,3415,100,100
3574,3420,100,100
3575,3425,100,100
3575,3430,100,100
3575,3435,100,100
3576,3440,100,100
3576,3445,100,100
3576,3448,100,100
3576,3448,100,100
3581,3452,100,100
3586,3456,100,100
3591,3460,100,100
3596,3464,100,100
3601,3468,100,100
3604,3470,100,100
3604,3470,100,100
3609,3470,100,100
3614,3471,100,100
3619,3471,100,100
3624,3471,100,100
3629,3472,100,100
3634,3472,100,100
3639,3472,100,100
3644,3473,100,100
3649,3473,100,100
3654,3473,100,100
3659,3474,100,100
3662,3474,100,100
3662,3474,100,100
3667,3476,100,100
3672,3478,100,100
3677,3481,100,100
3682,3483,100,100
3687,3485,100,100
3692,3487,100,100
3697,3489,100,100
3702,3491,100,100
3707,3494,100,100
3712,3496,100,100
3717,3498,100,100
3722,3500,100,100
3727,3502,100,100
3732,3505,100,100
3737,3507,100,100
3742,3509,100,100
3747,3511,100,100
3752,3513,100,100
3757,3516,100,100
3762,3518,100,100
3767,3520,100,100
3772,3522,100,100
3777,3524,100,100
3781,3526,100,100
3781,3526,100,100
3782,3528,100,100
3782,3528,100,100
3787,3530,100,100
3792,3532,100,100
3797,3534,100,100
3802,3536,100,100
3807,3538,100,100
3812,3539,100,100
3817,3541,100,100
3822,3543,100,100
3827,3545,100,100
3832,3547,100,100
3837,3549,100,100
3842,3551,100,100
3845,3552,100,100
3845,3552,100,100
3850,3552,100,100
3855,3552,100,100
3859,3552,100,100
