950,1836,100,100
950,1836,100,100
955,1835,100,100
955,1835,100,100
955,1835,100,100
958,1830,100,100
961,1825,100,100
964,1820,100,100
967,1815,100,100
969,1812,100,100
969,1812,100,100
970,1807,100,100
970,1802,100,100
971,1797,100,100
972,1792,100,100
973,1787,100,100
973,1782,100,100
974,1777,100,100
974,1777,100,100
974,1777,100,100
974,1772,100,100
974,1767,100,100
975,1762,100,100
975,1757,100,100
975,1754,100,100
975,1754,100,100
975,1753,100,100
975,1753,100,100
974,1751,100,100
974,1751,100,100
973,1750,100,100
973,1750,100,100
968,1750,100,100
963,1750,100,100
958,1750,100,100
953,1750,100,100
948,1750,100,100
943,1750,100,100
938,1750,100,100
933,1750,100,100
928,1750,100,100
923,1750,100,100
918,1750,100,100
913,1750,100,100
908,1750,100,100
903,1750,100,100
898,1749,100,100
893,1749,100,100
888,1749,100,100
883,1749,100,100
878,1749,100,100
873,1749,100,100
868,1749,100,100
863,1749,100,100
858,1749,100,100
853,1749,100,100
848,1749,100,100
843,1749,100,100
838,1749,100,100
833,1749,100,100
832,1749,100,100
832,1749,100,100
827,1749,100,100
822,1749,100,100
817,1749,100,100
812,1749,100,100
807,1749,100,100
802,1749,100,100
797,1749,100,100
792,1749,100,100
787,1749,100,100
782,1749,100,100
777,1749,100,100
772,1749,100,100
767,1749,100,100
762,1749,100,100
757,1749,100,100
752,1749,100,100
747,1749,100,100
742,1749,100,100
737,1749,100,100
732,1749,100,100
727,1749,100,100
722,1749,100,100
717,1749,100,100
712,1749,100,100
707,1749,100,100
702,1749,100,100
697,1749,100,100
692,1749,100,100
687,1749,100,100
687,1749,100,100
687,1749,100,100
686,1750,100,100
686,1750,100,100
681,1754,100,100
676,1759,100,100
671,1763,100,100
666,1767,100,100
661,1772,100,100
656,1776,100,100
651,1780,100,100
646,1785,100,100
641,1789,100,100
636,1793,100,100
633,1796,100,100
633,1796,100,100
631,1798,100,100
631,1798,100,100
626,1801,100,100
621,1805,100,100
616,1808,100,100
611,1811,100,100
606,1814,100,100
601,1818,100,100
596,1821,100,100
591,1824,100,100
586,1828,100,100
581,1831,100,100
576,1834,100,100
571,1838,100,100
566,1841,100,100
561,1844,100,100
556,1847,100,100
551,1851,100,100
549,1852,100,100
549,1852,100,100
549,1857,100,100
549,1862,100,100
549,1867,100,100
548,1872,100,100
548,1877,100,100
548,1882,100,100
548,1887,100,100
548,1890,100,100
548,1890,100,100
543,1895,100,100
538,1900,100,100
534,1905,100,100
529,1910,100,100
527,1912,100,100
527,1912,100,100
526,1913,100,100
526,1913,100,100
526,1918,100,100
526,1923,100,100
526,1928,100,100
526,1933,100,100
526,1938,100,100
526,1943,100,100
526,1948,100,100
526,1953,100,100
526,1958,100,100
526,1960,100,100
526,1960,100,100
528,1965,100,100
530,1970,100,100
532,1975,100,100
534,1980,100,100
534,1981,100,100
534,1981,100,100
535,1983,100,100
535,1983,100,100
535,1988,100,100
535,1993,100,100
534,1998,100,100
534,2003,100,100
534,2003,100,100
534,2003,100,100
533,2005,100,100
533,2005,100,100
528,2009,100,100
524,2013,100,100
524,2013,100,100
521,2016,100,100
521,2016,100,100
518,2021,100,100
515,2026,100,100
513,2031,100,100
510,2036,100,100
507,2041,100,100
504,2046,100,100
502,2051,100,100
501,2052,100,100
501,2052,100,100
501,2057,100,100
501,2062,100,100
501,2067,100,100
501,2072,100,100
501,2077,100,100
501,2082,100,100
501,2086,100,100
501,2086,100,100
498,2091,100,100
495,2096,100,100
492,2101,100,100
489,2106,100,100
486,2111,100,100
482,2116,100,100
479,2121,100,100
476,2126,100,100
473,2131,100,100
470,2136,100,100
467,2141,100,100
467,2141,100,100
467,2141,100,100
462,2141,100,100
457,2142,100,100
452,2142,100,100
447,2142,100,100
442,2143,100,100
438,2143,100,100
438,2143,100,100
433,2146,100,100
428,2149,100,100
423,2152,100,100
418,2155,100,100
413,2158,100,100
408,2161,100,100
403,2164,100,100
398,2167,100,100
393,2170,100,100
388,2173,100,100
383,2175,100,100
378,2178,100,100
373,2181,100,100
368,2184,100,100
363,2187,100,100
358,2190,100,100
353,2193,100,100
348,2196,100,100
343,2199,100,100
338,2202,100,100
333,2205,100,100
333,2205,100,100
333,2205,100,100
330,2210,100,100
327,2215,100,100
325,2220,100,100
322,2225,100,100
319,2230,100,100
316,2235,100,100
313,2240,100,100
311,2245,100,100
309,2248,100,100
309,2248,100,100
304,2253,100,100
299,2258,100,100
294,2263,100,100
289,2268,100,100
284,2273,100,100
279,2278,100,100
274,2283,100,100
274,2283,100,100
274,2283,100,100
273,2284,100,100
273,2284,100,100
268,2289,100,100
263,2293,100,100
258,2298,100,100
253,2302,100,100
248,2307,100,100
243,2312,100,100
238,2316,100,100
237,2317,100,100
237,2317,100,100
232,2321,100,100
227,2324,100,100
222,2328,100,100
222,2328,100,100
222,2328,100,100
217,2331,100,100
212,2334,100,100
207,2336,100,100
202,2339,100,100
202,2339,100,100
202,2339,100,100
197,2344,100,100
192,2349,100,100
187,2354,100,100
182,2359,100,100
178,2364,100,100
173,2369,100,100
168,2374,100,100
163,2379,100,100
160,2382,100,100
160,2382,100,100
159,2383,100,100
159,2383,100,100
156,2388,100,100
154,2393,100,100
151,2398,100,100
149,2403,100,100
146,2408,100,100
144,2413,100,100
141,2418,100,100
139,2423,100,100
136,2428,100,100
133,2433,100,100
131,2438,100,100
128,2443,100,100
126,2448,100,100
123,2453,100,100
121,2458,100,100
118,2463,100,100
116,2468,100,100
113,2473,100,100
110,2478,100,100
108,2483,100,100
105,2488,100,100
103,2493,100,100
100,2498,100,100
98,2503,100,100
95,2508,100,100
93,2513,100,100
90,2518,100,100
90,2518,100,100
90,2518,100,100
88,2521,100,100
88,2521,100,100
84,2523,100,100
84,2523,100,100
82,2528,100,100
81,2533,100,100
79,2538,100,100
78,2543,100,100
76,2548,100,100
75,2553,100,100
73,2558,100,100
72,2563,100,100
70,2568,100,100
69,2573,100,100
67,2578,100,100
66,2583,100,100
64,2588,100,100
63,2593,100,100
61,2598,100,100
60,2603,100,100
58,2608,100,100
57,2613,100,100
55,2618,100,100
54,2623,100,100
52,2628,100,100
51,2633,100,100
50,2636,100,100
50,2636,100,100
50,2641,100,100
50,2646,100,100
50,2651,100,100
50,2656,100,100
50,2661,100,100
50,2666,100,100
50,2671,100,100
50,2676,100,100
50,2677,100,100
50,2677,100,100
50,2682,100,100
50,2687,100,100
50,2692,100,100
