[269, 64]
[268, 65]
[267, 64]
[266, 64]
[265, 63]
[264, 62]
[263, 61]
[262, 60]
[261, 59]
[262, 60]
[261, 59]
[260, 58]
[261, 57]
[260, 56]
[259, 55]
[258, 54]
[257, 53]
[256, 52]
[255, 51]
[254, 50]
[253, 49]
[252, 48]
[251, 47]
[250, 46]
[249, 45]
[248, 44]
[247, 44]
[246, 43]
[245, 42]
[244, 41]
[243, 40]
[242, 39]
[241, 40]
[240, 41]
[239, 42]
[238, 43]
[237, 44]
[236, 45]
[235, 46]
[234, 47]
[233, 48]
[232, 49]
[233, 48]
[232, 49]
[231, 50]
[230, 51]
[229, 52]
[229, 53]
[228, 54]
[227, 55]
[226, 56]
[225, 57]
[224, 58]
[223, 59]
[222, 60]
[221, 61]
[220, 62]
[219, 62]
[218, 62]
[219, 62]
[218, 62]
[217, 62]
[216, 61]
[215, 60]
[214, 59]
[213, 58]
[212, 57]
[211, 56]
[210, 55]
[209, 54]
[208, 53]
[207, 52]
[206, 51]
[205, 50]
[204, 49]
[203, 48]
[202, 47]
[201, 46]
[200, 45]
[199, 44]
[198, 43]
[197, 42]
[196, 41]
[195, 40]
[194, 39]
[193, 38]
[192, 37]
[191, 36]
[190, 35]
[189, 34]
[188, 33]
[187, 32]
[188, 32]
[187, 31]
[186, 30]
[185, 29]
[184, 28]
[183, 27]
[182, 27]
[182, 26]
[181, 25]
[180, 24]
[179, 25]
[178, 26]
[177, 27]
[176, 28]
[175, 29]
[176, 29]
[175, 30]
[174, 31]
[173, 32]
[172, 33]
[171, 34]
[170, 35]
[169, 36]
[168, 37]
[167, 38]
[166, 39]
[165, 40]
[164, 41]
[163, 42]
[162, 43]
[161, 44]
[160, 44]
[159, 45]
[160, 46]
[159, 47]
[158, 48]
[157, 49]
[156, 50]
[155, 51]
[154, 52]
[153, 53]
[152, 54]
[151, 55]
[150, 56]
[149, 55]
[148, 56]
[147, 57]
[146, 58]
[145, 59]
[144, 60]
[143, 61]
[142, 62]
[141, 63]
[140, 64]
[139, 65]
[138, 66]
[137, 67]
[136, 68]
[135, 69]
[134, 70]
[133, 71]
[132, 72]
[131, 73]
[130, 74]
[129, 75]
[128, 76]
[127, 77]
[126, 78]
[125, 79]
[124, 80]
[123, 79]
[122, 78]
[121, 77]
[120, 76]
[119, 75]
[118, 74]
[117, 73]
[116, 72]
[115, 71]
[116, 71]
[115, 70]
[115, 71]
[114, 70]
[113, 71]
[112, 70]
[111, 69]
[110, 68]
[109, 67]
[108, 66]
[107, 65]
[106, 64]
[107, 63]
[106, 62]
[105, 61]
[104, 60]
[103, 60]
[102, 60]
[101, 60]
[100, 60]
[99, 60]
[98, 60]
[97, 60]
[96, 60]
[97, 61]
[96, 61]
[95, 62]
[94, 63]
[93, 64]
[92, 65]
[91, 66]
[90, 67]
[89, 68]
[88, 69]
[87, 70]
[86, 71]
[85, 72]
[84, 73]
[83, 74]
[82, 75]
[81, 76]
[80, 77]
[79, 78]
[78, 79]
[77, 80]
[76, 81]
[75, 82]
[74, 82]
[73, 83]
[72, 84]
[71, 85]
[70, 86]
[69, 87]
[68, 88]
[67, 89]
[66, 90]
[65, 89]
[64, 90]
[63, 91]
[62, 92]
[61, 93]
[60, 94]
[59, 95]
[58, 96]
[57, 97]
[56, 98]
[55, 99]
[54, 100]
[53, 101]
[52, 102]
[51, 101]
[50, 102]
[49, 103]
[48, 104]
[47, 105]
[46, 106]
[45, 107]
[44, 108]
[43, 109]
[42, 110]
[41, 111]
[40, 112]
[41, 113]
[40, 114]
[41, 115]
[40, 116]
[41, 117]
[40, 117]
[41, 118]
[40, 118]
[41, 119]
[40, 119]
[41, 120]
[40, 120]
[41, 121]
[40, 122]
[41, 123]
[40, 123]
[41, 124]
[40, 124]
[41, 125]
[40, 124]
[39, 125]
[40, 126]
[41, 127]
[40, 126]
[41, 127]
[40, 126]
[41, 127]
[40, 126]
[41, 127]
[40, 126]
[41, 127]
[40, 126]
[41, 127]
[40, 126]
[41, 127]
[40, 126]
[41, 127]
[40, 126]
[41, 127]
[41, 126]
[40, 125]
[41, 125]
[40, 124]
[41, 124]
[40, 123]
[41, 123]
[40, 122]
[41, 122]
[40, 121]
[41, 121]
[40, 120]
[41, 120]
[40, 120]
[41, 120]
[40, 119]
[41, 119]
[40, 118]
[41, 118]
[40, 117]
[41, 117]
[40, 118]
[41, 118]
[40, 119]
[41, 119]
[40, 120]
[41, 120]
[40, 121]
[40, 120]
[41, 120]
[40, 121]
[41, 121]
[40, 122]
[41, 121]
[40, 122]
[41, 122]
[40, 123]
[41, 123]
[40, 124]
[41, 124]
[40, 125]
[41, 125]
[40, 126]
[41, 126]
[40, 127]
[41, 127]
[40, 128]
[41, 128]
[40, 129]
[41, 129]
[40, 130]
[41, 130]
[40, 131]
[41, 131]
[40, 132]
[41, 132]
[40, 133]
[41, 133]
[40, 134]
[41, 133]
[40, 134]
[39, 134]
[40, 134]
[41, 134]
[40, 135]
[41, 135]
[40, 136]
[41, 136]
[40, 137]
[41, 137]
[40, 138]
[41, 138]
[40, 139]
[41, 138]
[40, 139]
[41, 139]
[40, 140]
[41, 141]
[40, 142]
[41, 141]
[40, 142]
[41, 141]
[40, 142]
[41, 142]
[40, 143]
[41, 143]
[40, 144]
[41, 144]
[40, 145]
[41, 145]
[40, 146]
[41, 146]
[40, 147]
[41, 147]
[40, 148]
[41, 148]
[40, 149]
[41, 149]
[40, 150]
[41, 150]
[40, 151]
[41, 151]
[40, 152]
[41, 152]
[40, 153]
[41, 153]
[40, 154]
[41, 154]
[40, 155]
[41, 155]
[41, 154]
[40, 153]
[41, 153]
[40, 152]
[41, 152]
[40, 151]
[41, 151]
[40, 150]
[41, 150]
[40, 149]
[41, 149]
[40, 148]
[41, 148]
[40, 147]
[41, 147]
[40, 146]
[41, 146]
[40, 145]
[41, 145]
[40, 145]
[40, 146]
[41, 146]
[42, 147]
[41, 146]
[40, 145]
[41, 145]
[40, 144]
[39, 144]
[40, 144]
[41, 144]
[42, 143]
[41, 142]
[40, 141]
[41, 141]
[40, 140]
[41, 140]
[40, 139]
[41, 139]
[40, 138]
[41, 138]
[40, 137]
[41, 137]
[40, 136]
[41, 136]
[40, 135]
[41, 135]
[40, 134]
[41, 134]
[40, 133]
[41, 133]
[40, 134]
[41, 134]
[40, 135]
[41, 135]
[40, 136]
[41, 136]
[40, 137]
[41, 137]
[40, 138]
[41, 138]
[40, 139]
[41, 139]
[41, 140]
[40, 141]
[41, 141]
[40, 142]
[41, 142]
[40, 143]
[41, 143]
[40, 144]
[41, 144]
[40, 145]
[41, 145]
[40, 146]
[41, 146]
[40, 147]
[41, 147]
[40, 148]
[41, 148]
[40, 149]
[41, 149]
[40, 150]
[41, 150]
[40, 151]
[41, 151]
[40, 150]
[41, 150]
[40, 149]
[41, 149]
[40, 148]
[41, 148]
[40, 147]
[41, 147]
[40, 146]
[41, 146]
[40, 145]
[41, 145]
[40, 144]
[41, 144]
[40, 143]
[41, 143]
[40, 142]
[41, 142]
[40, 141]
[40, 142]
[41, 142]
[40, 141]
[41, 141]
[40, 140]
[41, 139]
[41, 140]
[40, 139]
[41, 139]
[40, 138]
[41, 138]
[40, 137]
[41, 137]
[40, 136]
[41, 136]
[40, 135]
[41, 136]
[40, 135]
[41, 136]
[40, 135]
[41, 136]
[40, 136]
[41, 137]
[40, 137]
[41, 138]
[40, 138]
[39, 138]
[40, 139]
[41, 140]
[40, 140]
[41, 141]
[41, 140]
[40, 139]
[41, 140]
[40, 139]
[41, 140]
[40, 139]
[41, 140]
[40, 139]
[41, 140]
[40, 139]
[41, 140]
[40, 139]
[41, 140]
[42, 140]
[41, 139]
[40, 138]
[41, 139]
[40, 138]
[41, 139]
[40, 138]
[41, 139]
[42, 138]
[41, 137]
[40, 136]
[41, 137]
[40, 136]
[41, 137]
[41, 138]
[40, 137]
[41, 138]
[40, 137]
[41, 138]
[40, 137]
[41, 136]
[40, 135]
[41, 136]
[42, 135]
[41, 134]
[40, 133]
[41, 134]
[40, 133]
[41, 134]
[40, 133]
[41, 134]
[40, 133]
[41, 134]
[40, 135]
[41, 136]
[40, 137]
[41, 138]
[40, 139]
[41, 140]
[41, 139]
[40, 140]
[41, 141]
[40, 141]
[41, 142]
[40, 142]
[41, 143]
[40, 143]
[41, 144]
[40, 144]
[41, 145]
[40, 145]
[41, 146]
[40, 145]
[41, 146]
[40, 145]
[41, 146]
[40, 145]
[41, 146]
[40, 145]
[39, 144]
[38, 144]
[39, 145]
[40, 146]
[41, 147]
[40, 146]
[41, 147]
[40, 146]
[41, 147]
[40, 146]
[41, 147]
[40, 146]
[41, 146]
[40, 145]
[41, 146]
[40, 145]
[41, 146]
[40, 145]
[41, 146]
[40, 145]
[41, 146]
[40, 145]
[41, 146]
[40, 145]
[41, 146]
[40, 145]
[41, 146]
[40, 145]
[41, 146]
[40, 145]
[41, 146]
[40, 145]
[41, 146]
[40, 145]
[41, 146]
[40, 145]
[41, 146]
[40, 145]
[41, 146]
[40, 147]
[41, 148]
[40, 149]
[41, 150]
[40, 151]
[41, 152]
[40, 151]
[41, 152]
[40, 153]
[41, 154]
[40, 155]
[41, 156]
[40, 157]
[41, 158]
[42, 158]
[41, 159]
[41, 160]
[40, 161]
[39, 161]
[40, 162]
[41, 163]
[40, 164]
[41, 165]
[40, 166]
[41, 167]
[40, 168]
[41, 169]
[40, 170]
[41, 171]
[40, 172]
[41, 173]
[40, 174]
[41, 175]
[40, 176]
[41, 177]
[42, 176]
[43, 175]
[44, 174]
[45, 173]
[46, 172]
[47, 171]
[48, 170]
[49, 169]
[50, 168]
[51, 167]
[52, 166]
[53, 165]
[54, 164]
[55, 163]
[56, 162]
[57, 161]
[58, 160]
[59, 159]
[60, 158]
[61, 157]
[62, 156]
[63, 155]
[64, 154]
[65, 153]
[66, 152]
[67, 151]
[68, 150]
[69, 149]
[70, 148]
[71, 147]
[72, 146]
[73, 145]
[74, 144]
[75, 143]
[76, 142]
[77, 141]
[78, 140]
[77, 140]
[78, 139]
[79, 138]
[80, 137]
[81, 136]
[82, 135]
[83, 134]
[84, 133]
[85, 132]
[86, 131]
[87, 130]
[86, 131]
[87, 130]
[88, 129]
[89, 128]
[90, 127]
[91, 126]
[92, 125]
[93, 124]
[94, 123]
[95, 122]
[96, 121]
[97, 120]
[98, 119]
[99, 118]
[100, 117]
[101, 116]
[102, 115]
[103, 114]
[104, 113]
[105, 112]
[104, 112]
[105, 111]
[106, 110]
[107, 109]
[108, 108]
[109, 107]
[110, 106]
[111, 105]
[112, 104]
[113, 103]
[114, 102]
[115, 101]
[116, 100]
[117, 99]
[118, 98]
[119, 97]
[120, 96]
[121, 95]
[122, 94]
[123, 93]
[124, 92]
[125, 91]
[126, 90]
[127, 89]
[128, 88]
[129, 87]
[128, 87]
[127, 88]
[128, 87]
[129, 86]
[130, 85]
[131, 84]
[132, 83]
[133, 82]
[134, 81]
[135, 80]
[134, 79]
[135, 78]
[136, 77]
[137, 76]
[138, 75]
[139, 74]
[140, 73]
[141, 72]
[142, 71]
[143, 70]
[144, 69]
[145, 68]
[146, 67]
[147, 66]
[148, 65]
[149, 64]
[150, 63]
[151, 62]
[152, 61]
[153, 60]
[154, 59]
[155, 58]
[156, 57]
[157, 56]
[158, 55]
[159, 54]
[158, 55]
[159, 54]
[160, 53]
[161, 52]
[162, 51]
[163, 50]
[162, 49]
[163, 48]
[164, 47]
[163, 48]
[164, 47]
[165, 46]
[166, 45]
[167, 44]
[168, 43]
[169, 42]
[170, 41]
[171, 40]
[172, 39]
[173, 38]
[174, 37]
[175, 36]
[176, 35]
[177, 35]
[178, 34]
[179, 33]
[180, 32]
[181, 31]
[182, 30]
[183, 29]
[184, 28]
[185, 27]
[186, 26]
[187, 25]
[186, 26]
[185, 25]
[184, 25]
[185, 24]
[186, 23]
[187, 22]
[188, 21]
[189, 20]
[190, 19]
[191, 18]
[192, 17]
[193, 16]
[194, 15]
[195, 14]
[196, 13]
[197, 12]
[198, 11]
[199, 10]
[200, 11]
[201, 10]
[201, 9]
[202, 8]
[203, 7]
[204, 7]
[205, 6]
[206, 5]
[207, 4]
[208, 3]
[209, 2]
[210, 1]
[211, 1]
[212, 1]
[212, 1]
[213, 1]
[214, 1]
[215, 1]
[215, 1]
[216, 1]
[217, 1]
[218, 1]
[219, 1]
[220, 1]
[221, 1]
[222, 1]
[223, 1]
[224, 1]
[225, 1]
[226, 1]
[227, 1]
[228, 1]
[229, 1]
[228, 2]
[229, 1]
[230, 1]
[231, 1]
[232, 1]
[233, 1]
[234, 1]
[235, 1]
[236, 1]
[237, 1]
[238, 1]
[239, 1]
[240, 1]
[241, 1]
[242, 1]
[243, 1]
[244, 1]
[245, 1]
[246, 1]
[247, 1]
[248, 1]
[249, 1]
[250, 1]
[251, 1]
[252, 1]
[253, 2]
[254, 1]
[255, 1]
[255, 2]
[256, 1]
[257, 1]
[258, 1]
[259, 1]
[260, 1]
[261, 1]
[262, 1]
[263, 1]
[264, 1]
[265, 1]
[266, 1]
[267, 1]
[268, 1]
[269, 1]
[270, 1]
[271, 1]
[272, 1]
[273, 1]
[274, 1]
[275, 1]
[276, 1]
[275, 2]
[276, 1]
[277, 1]
[278, 1]
[279, 1]
[280, 1]
[281, 1]
[282, 1]
[283, 1]
[284, 1]
[285, 1]
[286, 2]
[287, 1]
[288, 1]
[289, 1]
[290, 1]
[291, 1]
[292, 1]
[293, 1]
[294, 1]
[294, 2]
[295, 1]
[294, 1]
[295, 1]
[296, 1]
[297, 1]
[298, 1]
[299, 1]
[299, 1]
[299, 1]
[299, 1]
[299, 1]
[299, 2]
[299, 1]
[299, 1]
[299, 1]
[299, 1]
[299, 1]
[299, 1]
[299, 1]
[299, 1]
[299, 1]
[299, 1]
[299, 1]
[299, 1]
[299, 1]
[299, 1]
[298, 1]
[299, 1]
[299, 1]
[299, 1]
[299, 1]
[299, 1]
[299, 1]
[299, 1]
[299, 1]
[299, 1]
[299, 1]
[299, 1]
[299, 1]
[299, 1]
[299, 1]
[298, 2]
[299, 1]
[299, 1]
[299, 1]
[299, 1]
[299, 1]
[299, 1]
[298, 1]
[297, 1]
[296, 1]
[295, 1]
[294, 1]
[293, 1]
[292, 1]
[291, 1]
[290, 1]
[289, 1]
[288, 1]
[287, 1]
[286, 1]
[285, 1]
[284, 1]
[283, 1]
[282, 1]
[281, 1]
[280, 1]
[279, 1]
[278, 1]
[277, 1]
[276, 1]
[275, 1]
[274, 1]
[273, 1]
[272, 1]
[271, 1]
[270, 1]
[269, 1]
[268, 1]
[267, 1]
[266, 1]
[265, 1]
[264, 1]
[263, 1]
[262, 1]
[261, 1]
[261, 2]
[260, 1]
[259, 1]
[258, 1]
[257, 1]
[256, 1]
[256, 1]
[255, 1]
[254, 1]
[253, 1]
[252, 1]
[251, 1]
[250, 1]
[249, 1]
[248, 1]
[247, 1]
[246, 1]
[245, 1]
[244, 1]
[245, 1]
[244, 1]
[243, 1]
[242, 1]
[241, 1]
[240, 1]
[239, 1]
[238, 1]
[237, 2]
[236, 3]
[235, 4]
[234, 5]
[233, 6]
[232, 7]
[231, 8]
[231, 9]
[230, 10]
[229, 11]
[228, 12]
[227, 13]
[226, 14]
[225, 15]
[224, 16]
[223, 17]
[222, 18]
[221, 19]
[220, 20]
[219, 21]
[218, 22]
[217, 23]
[216, 24]
[215, 25]
[214, 26]
[213, 27]
[212, 28]
[211, 29]
[210, 30]
[209, 31]
[208, 32]
[207, 33]
[207, 34]
[206, 35]
[205, 36]
[204, 37]
[203, 38]
[202, 39]
[201, 40]
[200, 41]
[199, 40]
[198, 39]
[197, 38]
[198, 39]
[197, 38]
[196, 37]
[195, 36]
[196, 35]
[195, 34]
[194, 33]
[193, 32]
[192, 31]
[191, 30]
[190, 29]
[189, 28]
[188, 27]
[187, 26]
[186, 25]
[185, 24]
[184, 23]
[183, 22]
[182, 21]
[183, 22]
[182, 21]
[181, 20]
[180, 19]
[179, 18]
[178, 17]
[177, 16]
[176, 15]
[175, 14]
[174, 13]
[173, 12]
[172, 11]
[171, 10]
[170, 9]
[169, 8]
[168, 9]
[167, 8]
[166, 7]
[165, 6]
[164, 5]
[163, 4]
[162, 3]
[161, 2]
[160, 1]
[159, 1]
[158, 1]
[157, 1]
[156, 1]
[155, 1]
[154, 1]
[153, 1]
[152, 1]
[151, 1]
[150, 1]
[149, 2]
[148, 3]
[147, 4]
[146, 5]
[145, 6]
[144, 7]
[143, 8]
[142, 9]
[141, 10]
[140, 11]
[139, 12]
[138, 13]
[138, 14]
[137, 15]
[138, 15]
[137, 16]
[136, 17]
[135, 18]
[134, 19]
[133, 20]
[132, 21]
[131, 22]
[130, 23]
[129, 24]
[130, 25]
[129, 26]
[128, 26]
[127, 27]
[126, 28]
[125, 29]
[124, 30]
[123, 31]
[122, 32]
[121, 33]
[120, 34]
[119, 35]
[118, 36]
[117, 37]
[116, 38]
[115, 39]
[114, 40]
[113, 41]
[112, 42]
[113, 42]
[112, 43]
[111, 44]
[110, 45]
[110, 44]
[109, 45]
[108, 46]
[109, 47]
[108, 48]
[107, 49]
[106, 50]
[105, 51]
[104, 52]
[104, 53]
[103, 54]
[102, 55]
[101, 56]
[100, 57]
[99, 58]
[98, 59]
[97, 59]
[98, 59]
[97, 59]
[96, 59]
[95, 59]
[94, 59]
[93, 59]
[92, 59]
[91, 59]
[90, 59]
[91, 60]
[90, 60]
[89, 60]
[88, 60]
[87, 60]
[86, 60]
[85, 60]
[84, 60]
[83, 60]
[82, 60]
[81, 60]
[80, 60]
[79, 60]
[78, 60]
[77, 60]
[76, 60]
[75, 60]
[74, 60]
[73, 60]
[72, 60]
[71, 60]
[70, 60]
[69, 60]
[70, 59]
[69, 59]
[68, 59]
[67, 59]
[66, 59]
[65, 59]
[64, 59]
[63, 59]
[62, 59]
[61, 59]
[60, 59]
[59, 59]
[59, 60]
[58, 59]
[57, 59]
[56, 59]
[55, 59]
[54, 59]
[53, 59]
[52, 59]
[51, 59]
[50, 59]
[49, 59]
[48, 59]
[49, 60]
[48, 60]
[47, 60]
[46, 60]
[45, 59]
[44, 58]
[43, 57]
[42, 56]
[41, 55]
[40, 54]
[41, 54]
[40, 53]
[41, 53]
[40, 52]
[41, 52]
[40, 51]
[41, 51]
[40, 50]
[41, 50]
[40, 49]
[39, 48]
[40, 48]
[41, 48]
[40, 47]
[40, 48]
[41, 48]
[40, 47]
[41, 47]
[40, 46]
[41, 46]
[40, 47]
[41, 47]
[40, 48]
[41, 48]
[40, 49]
[41, 49]
[42, 49]
[41, 50]
[40, 51]
[41, 51]
[40, 52]
[41, 52]
[40, 53]
[41, 53]
[40, 54]
[41, 54]
[40, 55]
[41, 55]
[40, 56]
[41, 56]
[40, 57]
[41, 57]
[40, 58]
[41, 58]
[40, 59]
[40, 60]
[41, 60]
[40, 61]
[41, 61]
[40, 60]
[41, 60]
[40, 59]
[41, 59]
[41, 60]
[40, 59]
[41, 59]
[40, 58]
[41, 58]
[40, 57]
[41, 57]
[40, 56]
[41, 56]
[40, 55]
[41, 55]
[40, 54]
[41, 54]
[40, 53]
[41, 53]
[42, 52]
[41, 51]
[40, 50]
[41, 50]
[40, 49]
[41, 49]
[40, 48]
[41, 48]
[40, 47]
[41, 47]
[40, 46]
[39, 46]
[40, 46]
[41, 46]
[40, 45]
[41, 45]
[40, 44]
[41, 44]
[40, 43]
[41, 43]
[40, 42]
[41, 42]
[40, 41]
[41, 41]
[40, 40]
[41, 40]
[40, 39]
[41, 39]
[40, 38]
[41, 38]
[40, 37]
[39, 37]
[40, 37]
[41, 37]
[40, 36]
[39, 36]
[40, 36]
[41, 36]
[40, 37]
[41, 37]
[40, 38]
[41, 38]
[40, 39]
[41, 39]
[40, 40]
[41, 40]
[40, 41]
[41, 41]
[40, 42]
[41, 42]
[40, 43]
[41, 43]
[40, 44]
[41, 44]
[40, 45]
[41, 45]
[40, 46]
[41, 46]
[40, 47]
[41, 47]
[40, 48]
[41, 48]
[40, 49]
[41, 49]
[40, 50]
[41, 50]
[40, 51]
[41, 51]
[40, 52]
[39, 51]
[40, 51]
[41, 51]
[40, 52]
[41, 52]
[40, 53]
[41, 53]
[40, 54]
[41, 54]
[40, 55]
[41, 55]
[40, 56]
[41, 56]
[40, 57]
[40, 58]
[41, 58]
[40, 59]
[41, 59]
[40, 59]
[41, 59]
[40, 59]
[41, 59]
[40, 59]
[41, 59]
[40, 59]
[39, 60]
[40, 60]
[41, 60]
[40, 60]
[41, 60]
[40, 60]
[41, 60]
[40, 60]
[41, 60]
[40, 60]
[41, 60]
[40, 60]
[41, 60]
[40, 60]
[41, 60]
[40, 60]
[41, 60]
[40, 60]
[41, 60]
[42, 61]
[41, 61]
[40, 61]
[41, 61]
[40, 61]
[39, 62]
[40, 62]
[41, 62]
[40, 62]
[39, 61]
[40, 61]
[40, 60]
[41, 60]
[40, 60]
[41, 60]
[40, 60]
[41, 60]
[40, 60]
[41, 60]
[40, 60]
[41, 60]
[40, 60]
[41, 60]
[40, 60]
[41, 60]
[40, 61]
[41, 61]
[40, 61]
[41, 61]
[40, 61]
[41, 61]
[40, 61]
[41, 61]
[40, 61]
[41, 61]
[40, 61]
[41, 61]
[40, 61]
[41, 62]
[40, 62]
[41, 63]
[40, 63]
[41, 64]
[40, 64]
[41, 63]
[40, 63]
[41, 64]
[40, 64]
[41, 63]
[40, 63]
[41, 64]
[40, 64]
[41, 65]
[40, 64]
[41, 65]
[40, 64]
[41, 65]
[40, 64]
[41, 65]
[40, 64]
[41, 65]
[40, 64]
[41, 65]
[40, 64]
[41, 65]
[40, 64]
[41, 65]
[40, 64]
[41, 64]
[40, 63]
[41, 64]
[40, 63]
[41, 64]
[40, 63]
[41, 64]
[40, 63]
[41, 64]
[40, 63]
[41, 64]
[40, 63]
[41, 64]
[40, 63]
[41, 64]
[40, 63]
[41, 64]
[40, 63]
[41, 64]
[40, 63]
[40, 64]
[41, 65]
[40, 64]
[41, 65]
[40, 64]
[41, 65]
[40, 64]
[41, 65]
[40, 64]
[41, 65]
[40, 64]
[41, 65]
[40, 64]
[41, 65]
[40, 64]
[41, 65]
[40, 66]
[41, 67]
[40, 68]
[41, 69]
[40, 70]
[41, 70]
[40, 71]
[41, 72]
[40, 73]
[41, 74]
[40, 75]
[41, 76]
[40, 77]
[41, 78]
[42, 77]
[41, 78]
[40, 79]
[40, 80]
[41, 81]
[40, 82]
[41, 83]
[40, 84]
[41, 85]
[40, 86]
[41, 87]
[40, 88]
[41, 88]
[40, 89]
[41, 90]
[40, 91]
[41, 92]
[40, 93]
[41, 94]
[40, 95]
[41, 96]
[40, 97]
[41, 98]
[40, 99]
[41, 100]
[40, 101]
[41, 102]
[40, 103]
[41, 104]
[40, 105]
[41, 104]
[40, 105]
[41, 106]
[40, 107]
[41, 108]
[40, 108]
[41, 109]
[40, 109]
[41, 110]
[40, 110]
[39, 111]
[40, 112]
[41, 113]
[40, 113]
[41, 114]
[40, 114]
[41, 115]
[40, 115]
[41, 116]
[40, 116]
[41, 117]
[40, 117]
[41, 118]
[40, 118]
[41, 119]
[40, 119]
[41, 120]
[40, 120]
[41, 121]
[40, 121]
[41, 122]
[40, 121]
[41, 122]
[40, 121]
[41, 122]
[40, 121]
[41, 122]
[40, 121]
[41, 122]
[40, 121]
[41, 122]
[40, 121]
[41, 122]
[40, 122]
[41, 123]
[40, 122]
[41, 123]
[40, 122]
[41, 123]
[40, 122]
[41, 123]
[40, 122]
[39, 121]
[40, 122]
[41, 123]
[40, 122]
[41, 123]
[40, 122]
[41, 123]
[40, 122]
[41, 123]
[40, 122]
[41, 123]
[40, 122]
[41, 123]
[40, 124]
[41, 125]
[40, 126]
[41, 125]
[40, 126]
[41, 127]
[40, 128]
[41, 129]
[40, 130]
[41, 131]
[40, 132]
[41, 133]
[40, 134]
[41, 135]
[40, 136]
[41, 137]
[40, 138]
[41, 139]
[40, 140]
[41, 141]
[40, 142]
[41, 143]
[40, 144]
[41, 145]
[40, 146]
[41, 147]
[40, 148]
[41, 149]
[40, 150]
[41, 151]
[40, 152]
[41, 153]
[40, 154]
[40, 153]
[41, 154]
[40, 155]
[41, 155]
[40, 156]
[41, 157]
[40, 158]
[41, 159]
[40, 160]
[41, 161]
[40, 162]
[41, 163]
[40, 164]
[41, 165]
[40, 166]
[41, 167]
[40, 168]
[41, 169]
[40, 170]
[41, 171]
[40, 172]
[41, 173]
[40, 174]
[41, 175]
[40, 176]
[41, 177]
[40, 178]
[41, 179]
[40, 180]
[41, 181]
[40, 182]
[41, 183]
[40, 184]
[41, 185]
[40, 186]
[41, 187]
[40, 188]
[41, 189]
[40, 189]
[41, 190]
[40, 190]
[41, 191]
[40, 191]
[41, 192]
[40, 192]
[41, 193]
[40, 193]
[41, 194]
[40, 194]
[41, 195]
