[124, 112]
[125, 112]
[126, 112]
[127, 112]
[127, 113]
[126, 113]
[127, 113]
[128, 113]
[129, 113]
[130, 113]
[131, 113]
[132, 113]
[133, 113]
[134, 113]
[135, 113]
[136, 113]
[137, 113]
[138, 113]
[139, 113]
[140, 113]
[141, 113]
[142, 113]
[143, 113]
[144, 113]
[143, 113]
[144, 113]
[145, 113]
[146, 113]
[147, 113]
[148, 113]
[149, 113]
[150, 113]
[151, 113]
[152, 113]
[153, 113]
[154, 113]
[155, 113]
[156, 113]
[157, 113]
[158, 113]
[159, 113]
[160, 113]
[161, 113]
[162, 113]
[163, 113]
[164, 113]
[165, 113]
[166, 113]
[167, 113]
[167, 112]
[167, 111]
[167, 110]
[166, 110]
[166, 109]
[166, 108]
[166, 107]
[165, 107]
[165, 106]
[165, 105]
[165, 104]
[165, 103]
[165, 102]
[165, 101]
[165, 100]
[165, 99]
[165, 98]
[165, 99]
[165, 98]
[165, 97]
[165, 96]
[165, 95]
[165, 94]
[165, 93]
[165, 92]
[165, 91]
[165, 90]
[165, 89]
[165, 88]
[165, 87]
[164, 87]
[163, 87]
[162, 87]
[161, 87]
[162, 87]
[162, 86]
[162, 85]
[162, 84]
[162, 83]
[162, 82]
[162, 81]
[162, 80]
[163, 80]
[163, 79]
[163, 78]
[163, 77]
[163, 76]
[163, 75]
[163, 74]
[163, 73]
[163, 72]
[163, 71]
[162, 71]
[162, 70]
[162, 69]
[162, 68]
[162, 67]
[163, 67]
[163, 66]
[163, 65]
[163, 64]
[163, 63]
[163, 62]
[163, 61]
[163, 60]
[163, 59]
[163, 58]
[163, 57]
[163, 56]
[162, 56]
[162, 55]
[162, 54]
[162, 53]
[162, 52]
[162, 51]
[162, 50]
[162, 49]
[162, 48]
[161, 48]
[161, 49]
[161, 48]
[161, 49]
[162, 49]
[162, 48]
[162, 47]
[163, 47]
[163, 46]
[163, 45]
[163, 44]
[163, 43]
[163, 42]
[163, 41]
[163, 40]
[163, 39]
[163, 38]
[163, 37]
[163, 36]
[163, 35]
[163, 34]
[163, 33]
[163, 32]
[163, 31]
[163, 30]
[163, 29]
[163, 30]
[162, 30]
[161, 30]
[161, 31]
[160, 31]
[159, 31]
[159, 30]
[159, 29]
[159, 28]
[159, 27]
[159, 26]
[159, 25]
[159, 24]
[159, 23]
[159, 22]
[159, 21]
[159, 20]
[159, 19]
[159, 18]
[159, 17]
[159, 16]
[159, 15]
[159, 14]
[159, 13]
[159, 12]
[159, 11]
[159, 10]
[159, 9]
[159, 8]
[159, 7]
[159, 6]
[159, 5]
[159, 4]
[159, 3]
[159, 2]
[159, 1]
[159, 1]
[159, 1]
[159, 1]
[159, 1]
[159, 1]
[158, 1]
[157, 1]
[156, 1]
[155, 1]
[154, 1]
[154, 1]
[154, 1]
[154, 1]
[154, 1]
[154, 1]
[154, 1]
[154, 1]
[154, 1]
[154, 1]
[154, 1]
[154, 1]
[154, 1]
[154, 2]
[154, 1]
[154, 1]
[154, 1]
[154, 1]
[154, 1]
[154, 1]
[154, 1]
[154, 1]
[154, 1]
[154, 1]
[155, 1]
[155, 1]
[155, 1]
[155, 1]
[155, 1]
[155, 1]
[155, 1]
[155, 1]
[155, 1]
[155, 1]
[155, 1]
[155, 1]
[155, 1]
[155, 1]
[155, 1]
[155, 1]
[155, 1]
[155, 1]
[155, 1]
[155, 1]
[155, 1]
[155, 1]
[155, 1]
[155, 1]
[155, 1]
[154, 1]
[154, 1]
[154, 1]
[154, 1]
[154, 1]
[154, 1]
[154, 1]
[154, 1]
[154, 1]
[154, 1]
[154, 1]
[154, 1]
[154, 1]
[154, 1]
[154, 1]
[154, 1]
[154, 1]
[154, 1]
[154, 1]
[154, 1]
[153, 1]
[153, 1]
[154, 1]
[154, 1]
[154, 1]
[154, 1]
[154, 1]
[153, 1]
[153, 1]
[153, 1]
[153, 1]
[153, 1]
[153, 1]
[153, 1]
[153, 1]
[153, 1]
[153, 1]
[153, 1]
[153, 1]
[153, 1]
[153, 1]
[153, 1]
[153, 1]
[153, 1]
[153, 1]
[153, 1]
[153, 2]
[153, 1]
[153, 1]
[153, 1]
[153, 1]
[153, 1]
[153, 1]
[153, 1]
[153, 1]
[153, 1]
[153, 1]
[153, 1]
[153, 1]
[153, 1]
[153, 1]
[153, 1]
[153, 1]
[153, 1]
[153, 1]
[153, 1]
[153, 1]
[153, 1]
[153, 1]
[152, 1]
[152, 1]
[152, 1]
[152, 1]
[152, 1]
[152, 1]
[152, 1]
[152, 1]
[152, 1]
[152, 1]
[152, 1]
[152, 1]
[152, 2]
[152, 1]
[152, 1]
[152, 1]
[152, 1]
[152, 1]
[152, 1]
[152, 1]
[152, 1]
[152, 2]
[152, 1]
[152, 1]
[153, 1]
[153, 1]
[153, 1]
[153, 1]
[153, 1]
[154, 1]
[154, 2]
[154, 1]
[154, 1]
[154, 1]
[154, 1]
[154, 1]
[154, 1]
[155, 1]
[155, 1]
[155, 1]
[155, 1]
[155, 1]
[155, 1]
[155, 1]
[155, 1]
[155, 1]
[155, 1]
[155, 1]
[155, 1]
[155, 1]
[155, 1]
[155, 1]
[155, 1]
[155, 2]
[155, 1]
[155, 1]
[155, 1]
[155, 1]
[155, 1]
[155, 1]
[155, 1]
[155, 1]
[155, 1]
[155, 1]
[155, 1]
[155, 1]
[155, 1]
[155, 2]
[155, 1]
[155, 1]
[155, 1]
[155, 1]
[155, 1]
[155, 1]
[155, 1]
[155, 1]
[155, 1]
[155, 1]
[155, 1]
[155, 1]
[155, 1]
[155, 1]
[155, 1]
[155, 1]
[155, 1]
[155, 1]
[155, 1]
[155, 1]
[155, 1]
[155, 1]
[155, 1]
[155, 1]
[155, 1]
[155, 1]
[155, 1]
[155, 1]
[155, 1]
[155, 1]
[155, 1]
[155, 1]
[156, 1]
[156, 1]
[156, 1]
[156, 1]
[156, 1]
[156, 1]
[156, 1]
[156, 1]
[156, 1]
[156, 1]
[155, 1]
[155, 2]
[155, 1]
[155, 1]
[155, 1]
[155, 1]
[155, 1]
[155, 1]
[155, 1]
[155, 1]
[155, 1]
[155, 1]
[155, 1]
[155, 1]
[155, 1]
[155, 1]
[155, 1]
[155, 1]
[155, 1]
[155, 1]
[155, 1]
[155, 1]
[155, 1]
[155, 1]
[155, 1]
[155, 1]
[155, 1]
[155, 1]
[155, 1]
[155, 1]
[155, 1]
[155, 1]
[155, 1]
[155, 1]
[155, 1]
[155, 1]
[155, 1]
[155, 1]
[155, 1]
[155, 1]
[155, 1]
[155, 1]
[155, 1]
[155, 1]
[155, 1]
[155, 1]
[155, 1]
[155, 1]
[155, 1]
[155, 1]
[155, 1]
[155, 1]
[155, 1]
[155, 1]
[155, 1]
[155, 1]
[155, 1]
[155, 1]
[155, 1]
[155, 1]
[155, 1]
[155, 1]
[155, 1]
[155, 1]
[155, 1]
[155, 1]
[155, 1]
[155, 1]
[155, 1]
[155, 1]
[154, 1]
[154, 1]
[154, 1]
[154, 1]
[154, 1]
[154, 1]
[154, 1]
[154, 1]
[154, 1]
[154, 1]
[154, 1]
[154, 1]
[154, 1]
[154, 1]
[154, 1]
[154, 1]
[154, 1]
[154, 1]
[154, 1]
[154, 1]
[154, 1]
[153, 1]
[153, 1]
[153, 1]
[153, 1]
[153, 1]
[153, 1]
[153, 1]
[153, 1]
[153, 1]
[153, 1]
[153, 1]
[153, 1]
[153, 1]
[153, 1]
[153, 1]
[153, 1]
[153, 1]
[153, 1]
[153, 1]
[153, 1]
[153, 1]
[153, 1]
[153, 1]
[154, 1]
[154, 1]
[154, 1]
[154, 2]
[154, 1]
[154, 1]
[154, 1]
[154, 1]
[154, 1]
[154, 1]
[154, 1]
[154, 1]
[154, 1]
[154, 1]
[154, 1]
[154, 1]
[154, 1]
[154, 1]
[154, 1]
[154, 1]
[153, 1]
[154, 1]
[154, 1]
[154, 1]
[154, 1]
[154, 1]
[154, 1]
[154, 1]
[154, 1]
[154, 1]
[154, 1]
[154, 1]
[154, 1]
[154, 1]
[154, 1]
[154, 1]
[154, 2]
[154, 1]
[154, 1]
[154, 1]
[154, 1]
[154, 1]
[154, 1]
[154, 1]
[154, 1]
[154, 1]
[154, 1]
[154, 1]
[154, 1]
[154, 1]
[153, 1]
[153, 1]
[153, 1]
[152, 1]
[152, 1]
[152, 1]
[152, 1]
[152, 1]
[152, 2]
[152, 1]
[152, 1]
[152, 1]
[152, 1]
[152, 1]
[152, 1]
[152, 1]
[152, 1]
[152, 1]
[153, 1]
[153, 1]
[153, 1]
[153, 1]
[153, 1]
[153, 1]
[153, 1]
[153, 1]
[153, 1]
[153, 1]
[153, 2]
[153, 1]
[154, 1]
[154, 1]
[154, 1]
[155, 1]
[154, 1]
[154, 1]
[154, 1]
[154, 1]
[154, 1]
[154, 1]
[154, 1]
[154, 1]
[154, 1]
[154, 1]
[154, 1]
[153, 1]
[153, 1]
[153, 1]
[153, 1]
[153, 1]
[153, 1]
[153, 1]
[152, 1]
[152, 1]
[152, 1]
[152, 1]
[152, 1]
[152, 1]
[152, 2]
[152, 3]
[152, 4]
[151, 4]
[151, 5]
[151, 6]
[151, 7]
[151, 8]
[151, 9]
[151, 10]
[152, 10]
[152, 11]
[152, 12]
[152, 13]
[152, 14]
[152, 15]
[152, 16]
[152, 17]
[152, 18]
[152, 19]
[152, 20]
[152, 21]
[152, 22]
[152, 23]
[152, 24]
[152, 25]
[152, 26]
[152, 27]
[152, 28]
[152, 29]
[152, 30]
[152, 31]
[152, 32]
[152, 33]
[152, 34]
[152, 35]
[152, 36]
[152, 37]
[152, 38]
[152, 39]
[152, 40]
[152, 41]
[152, 42]
[152, 43]
[152, 44]
[152, 45]
[152, 46]
[152, 47]
[152, 48]
[152, 49]
[152, 50]
[152, 51]
[152, 52]
[152, 53]
[152, 54]
[152, 55]
[153, 55]
[153, 56]
[153, 57]
[153, 56]
[153, 57]
[153, 58]
[153, 59]
[153, 60]
[153, 61]
[153, 62]
[153, 63]
[153, 64]
[153, 65]
[153, 66]
[153, 67]
[153, 68]
[153, 69]
[153, 70]
[153, 71]
[153, 72]
[153, 73]
[153, 74]
[154, 74]
[154, 75]
[154, 76]
[155, 76]
[155, 75]
[155, 74]
[155, 73]
[155, 74]
[155, 75]
[155, 76]
[155, 77]
[155, 78]
[155, 79]
[155, 78]
[155, 77]
[155, 76]
[155, 75]
[155, 74]
[155, 73]
[155, 72]
[155, 71]
[156, 71]
[156, 70]
[156, 71]
[156, 70]
[156, 69]
[156, 70]
[156, 71]
[156, 70]
[156, 71]
[156, 72]
[156, 73]
[156, 74]
[156, 75]
[156, 76]
[156, 77]
[156, 78]
[156, 79]
[156, 80]
[156, 81]
[156, 82]
[156, 83]
[156, 84]
[156, 85]
[156, 86]
[156, 87]
[156, 88]
[156, 89]
[156, 90]
[156, 91]
[156, 92]
[156, 93]
[156, 94]
[156, 95]
[156, 96]
[156, 97]
[156, 98]
[156, 99]
[156, 100]
[156, 101]
[156, 102]
[156, 103]
[156, 104]
[156, 105]
[156, 106]
[156, 107]
[156, 108]
[156, 109]
[156, 110]
[156, 111]
[156, 112]
[156, 113]
[156, 114]
[155, 114]
[154, 114]
[153, 114]
[152, 114]
[151, 114]
[150, 114]
[149, 114]
[148, 114]
[147, 114]
[146, 114]
[145, 114]
[144, 114]
[143, 114]
[142, 114]
[141, 114]
[140, 114]
[139, 114]
[138, 114]
[137, 114]
[136, 114]
[135, 114]
[134, 114]
[135, 114]
[135, 113]
[134, 113]
[134, 114]
[135, 114]
[134, 114]
[134, 115]
[134, 116]
[133, 116]
[134, 116]
[133, 116]
[132, 116]
[131, 116]
[130, 116]
[129, 116]
[128, 116]
[127, 116]
[126, 116]
[126, 117]
[126, 118]
[126, 117]
[126, 118]
[126, 117]
[126, 118]
[126, 117]
[126, 118]
[126, 117]
[126, 118]
[126, 117]
[125, 117]
[124, 117]
[123, 117]
[122, 117]
[121, 117]
[120, 117]
[120, 118]
[120, 117]
[119, 117]
[120, 117]
[119, 117]
[118, 117]
[117, 117]
[116, 117]
[115, 117]
[114, 117]
[113, 117]
[112, 117]
[111, 117]
[110, 117]
[109, 117]
[108, 117]
[107, 117]
[106, 117]
[106, 118]
[106, 117]
[106, 118]
[106, 117]
[106, 118]
[106, 117]
[105, 117]
[104, 117]
[103, 117]
[103, 116]
[102, 116]
[101, 116]
[100, 116]
[99, 116]
[99, 115]
[98, 115]
[98, 114]
[97, 114]
[96, 114]
[95, 114]
[94, 114]
[93, 114]
[92, 114]
[91, 114]
[90, 114]
[89, 114]
[88, 114]
[87, 114]
[86, 114]
[85, 114]
[84, 114]
[83, 114]
[82, 114]
[81, 114]
[80, 114]
[79, 114]
[78, 114]
[77, 114]
[76, 114]
[77, 114]
[78, 114]
[79, 114]
[80, 114]
[81, 114]
[82, 114]
[83, 114]
[84, 114]
[85, 114]
[86, 114]
[86, 115]
[85, 115]
[85, 116]
[84, 116]
[83, 116]
[82, 116]
[81, 116]
[80, 116]
[79, 116]
[79, 117]
[79, 116]
[78, 116]
[77, 116]
[76, 116]
[75, 116]
[74, 116]
[73, 116]
[72, 116]
[71, 116]
[70, 116]
[70, 117]
[69, 117]
[69, 118]
[68, 118]
[67, 118]
[67, 117]
[66, 117]
[65, 117]
[64, 117]
[63, 117]
[62, 117]
[61, 117]
[60, 117]
[61, 117]
[60, 117]
[59, 117]
[58, 117]
[57, 117]
[56, 117]
[55, 117]
[54, 117]
[53, 117]
[52, 117]
[51, 117]
[50, 117]
[49, 117]
[48, 117]
[47, 117]
[46, 117]
[45, 117]
[44, 117]
[43, 117]
[42, 117]
[41, 117]
[40, 117]
[39, 117]
[38, 117]
[37, 117]
[36, 117]
[35, 117]
[34, 117]
[33, 117]
[32, 117]
[31, 117]
[30, 117]
[29, 117]
[28, 117]
[27, 117]
[26, 117]
[25, 117]
[24, 117]
[23, 117]
[22, 117]
[21, 117]
[20, 117]
[19, 117]
[18, 117]
[17, 117]
[16, 117]
[15, 117]
[14, 117]
[13, 117]
[12, 117]
[11, 117]
[10, 117]
[10, 116]
[9, 116]
[8, 116]
[7, 116]
[6, 116]
[5, 116]
[4, 116]
[3, 116]
[2, 116]
[1, 116]
[1, 116]
[1, 116]
[1, 116]
[1, 116]
[1, 116]
[1, 116]
[1, 116]
[1, 116]
[1, 116]
[1, 116]
[2, 116]
[1, 116]
[1, 116]
[1, 116]
[1, 116]
[1, 116]
[1, 116]
[1, 116]
[1, 116]
[1, 116]
[1, 116]
[1, 116]
[1, 116]
[1, 116]
[1, 116]
[1, 116]
[1, 116]
[1, 116]
[1, 117]
[1, 117]
[1, 117]
[1, 117]
[1, 117]
[1, 117]
[1, 117]
[1, 117]
[1, 117]
[2, 117]
[3, 117]
[3, 118]
[2, 118]
[1, 118]
[1, 118]
[1, 118]
[1, 118]
[1, 118]
[1, 118]
[1, 118]
[1, 118]
[1, 118]
[1, 118]
[1, 118]
[1, 118]
[1, 118]
[1, 118]
[1, 118]
[1, 118]
[1, 118]
[1, 118]
[1, 118]
[1, 118]
[1, 118]
[1, 118]
[1, 118]
[1, 118]
[1, 118]
[1, 118]
[1, 118]
[1, 118]
[1, 118]
[1, 119]
[1, 119]
[1, 119]
[1, 119]
[1, 119]
[1, 119]
[1, 119]
[1, 119]
[1, 119]
[1, 119]
[1, 119]
[1, 119]
[1, 119]
[1, 119]
[1, 119]
[1, 119]
[1, 119]
[1, 118]
[1, 117]
[2, 117]
[3, 117]
[4, 117]
[5, 117]
[6, 117]
[7, 117]
[8, 117]
[9, 117]
[10, 117]
[11, 117]
[12, 117]
[13, 117]
[14, 117]
[13, 117]
[12, 117]
[11, 117]
[10, 117]
[11, 117]
[11, 116]
[12, 116]
[13, 116]
[14, 116]
[13, 116]
[12, 116]
[11, 116]
[10, 116]
[9, 116]
[8, 116]
[7, 116]
[6, 116]
[5, 116]
[4, 116]
[3, 116]
[2, 116]
[1, 116]
[1, 116]
[1, 116]
[1, 116]
[1, 116]
[1, 116]
[1, 116]
[1, 116]
[2, 116]
[3, 116]
[4, 116]
[5, 116]
[6, 116]
[7, 116]
[8, 116]
[9, 116]
[10, 116]
[11, 116]
[12, 116]
[13, 116]
[14, 116]
[15, 116]
[16, 116]
[17, 116]
[18, 116]
[19, 116]
[20, 116]
[21, 116]
[22, 116]
[23, 116]
[24, 116]
[25, 116]
[26, 116]
[27, 116]
[28, 116]
[29, 116]
[30, 116]
[31, 116]
[32, 116]
[33, 116]
[34, 116]
[35, 116]
[36, 116]
[37, 116]
[38, 116]
[39, 116]
[40, 116]
[41, 116]
[41, 115]
[42, 115]
[43, 115]
[44, 115]
[45, 115]
[46, 115]
[47, 115]
[48, 115]
[49, 115]
[50, 115]
[51, 115]
[52, 115]
[53, 115]
[54, 115]
[55, 115]
[56, 115]
[57, 115]
[58, 115]
[59, 115]
[60, 115]
[61, 115]
[62, 115]
[63, 115]
[64, 115]
[65, 115]
[64, 115]
[65, 115]
[66, 115]
[67, 115]
[68, 115]
[69, 115]
[70, 115]
[71, 115]
[72, 115]
[73, 115]
[72, 115]
[71, 115]
[70, 115]
[70, 116]
[69, 116]
[68, 116]
[67, 116]
[66, 116]
[65, 116]
[64, 116]
[63, 116]
[62, 116]
[61, 116]
[61, 117]
[60, 117]
[59, 117]
[58, 117]
[59, 117]
[58, 117]
[57, 117]
[56, 117]
[55, 117]
[54, 117]
[53, 117]
[52, 117]
[51, 117]
[50, 117]
[49, 117]
[48, 117]
[47, 117]
[46, 117]
[45, 117]
[44, 117]
[43, 117]
[43, 116]
[42, 116]
[41, 116]
[40, 116]
[39, 116]
[38, 116]
[37, 116]
[36, 116]
[35, 116]
[34, 116]
[33, 116]
[32, 116]
[31, 116]
[31, 117]
[30, 117]
[29, 117]
[28, 117]
[27, 117]
[26, 117]
[25, 117]
[24, 117]
[23, 117]
[22, 117]
[21, 117]
[20, 117]
[19, 117]
[18, 117]
[17, 117]
[16, 117]
[16, 116]
[15, 116]
[14, 116]
[13, 116]
[12, 116]
[11, 116]
[10, 116]
[9, 116]
[8, 116]
[7, 116]
[6, 116]
[5, 116]
[4, 116]
[3, 116]
[2, 116]
[1, 116]
[1, 116]
[1, 116]
[1, 116]
[1, 116]
[2, 116]
[1, 116]
[1, 116]
[1, 116]
[1, 116]
[1, 116]
[1, 116]
[1, 116]
[1, 116]
[1, 116]
[1, 116]
[1, 116]
[1, 116]
[1, 116]
[1, 116]
[1, 116]
[1, 116]
[1, 116]
[1, 116]
[1, 116]
[1, 116]
[1, 116]
[1, 116]
[1, 116]
[1, 116]
[1, 116]
[1, 116]
[1, 117]
[1, 118]
[1, 117]
[1, 118]
[1, 117]
[1, 118]
[1, 117]
[1, 118]
[1, 117]
[1, 118]
[1, 117]
[1, 118]
[1, 117]
[1, 118]
[2, 118]
[2, 117]
[2, 118]
[2, 117]
[2, 118]
[2, 117]
[2, 118]
[2, 117]
[2, 118]
[2, 117]
[2, 118]
[2, 117]
[2, 118]
[2, 117]
[2, 118]
[2, 117]
[2, 118]
[2, 117]
[2, 118]
[2, 117]
[2, 118]
[2, 117]
[2, 118]
[2, 117]
[2, 118]
[2, 117]
[2, 118]
[2, 117]
[2, 118]
[2, 117]
[2, 118]
[2, 117]
[2, 116]
[2, 115]
[2, 114]
[2, 113]
[2, 114]
[2, 115]
[2, 116]
[2, 117]
[2, 118]
[2, 117]
[2, 118]
[2, 117]
[2, 118]
[2, 117]
[2, 116]
[2, 115]
[2, 114]
[2, 113]
[2, 112]
[2, 111]
[2, 110]
[2, 109]
[2, 108]
[2, 107]
[2, 106]
[2, 105]
[2, 104]
[2, 103]
[3, 103]
[3, 102]
[3, 101]
[3, 100]
[3, 99]
[3, 98]
[3, 97]
[3, 96]
[3, 95]
[3, 94]
[3, 93]
[3, 92]
[3, 91]
[3, 90]
[3, 89]
[3, 88]
[3, 87]
[3, 86]
[3, 85]
[3, 84]
[3, 83]
[3, 84]
[3, 83]
[3, 82]
[3, 81]
[3, 80]
[3, 79]
[3, 78]
[3, 77]
[3, 76]
[3, 75]
[3, 74]
[3, 73]
[3, 72]
[3, 71]
[3, 70]
[3, 69]
[3, 68]
[3, 67]
[3, 66]
[4, 66]
[4, 65]
[4, 64]
[4, 63]
[4, 62]
[4, 61]
[4, 60]
[4, 59]
[4, 58]
[4, 57]
[4, 56]
[4, 55]
[4, 54]
[4, 53]
[4, 52]
[4, 51]
[4, 50]
[4, 49]
[4, 48]
[4, 47]
[4, 46]
[4, 45]
[4, 44]
[4, 43]
[4, 42]
[4, 41]
[4, 40]
[4, 39]
[4, 38]
[4, 37]
[4, 36]
[4, 35]
[4, 34]
[4, 33]
[4, 32]
[4, 31]
[4, 30]
[4, 29]
[4, 28]
[4, 27]
[4, 26]
[4, 25]
[4, 24]
[4, 23]
[4, 22]
[4, 21]
[4, 20]
[4, 19]
[4, 18]
[4, 17]
[3, 17]
[3, 16]
[3, 15]
[3, 14]
[3, 13]
[3, 12]
[3, 11]
[3, 10]
[3, 9]
[3, 8]
[3, 7]
[3, 6]
[3, 5]
[3, 4]
[3, 3]
[3, 2]
[3, 1]
[3, 1]
[3, 1]
[3, 1]
[3, 1]
[3, 1]
[3, 1]
[3, 1]
[3, 1]
[3, 1]
[3, 1]
[3, 1]
[3, 1]
[3, 1]
[3, 1]
[3, 1]
[3, 1]
[3, 1]
[3, 1]
[3, 1]
[3, 1]
[3, 1]
[3, 1]
[3, 1]
[3, 1]
[3, 1]
[3, 1]
[2, 1]
[2, 1]
[2, 1]
[2, 1]
[2, 1]
[2, 1]
[2, 1]
[2, 1]
[2, 1]
[2, 1]
[2, 1]
[3, 1]
[3, 1]
[3, 1]
[3, 1]
[3, 1]
[3, 1]
[3, 2]
[3, 1]
[3, 1]
[3, 1]
[3, 1]
[3, 1]
[3, 1]
[3, 1]
[3, 1]
[3, 1]
[3, 1]
[3, 1]
[3, 1]
[3, 1]
[3, 1]
[3, 1]
[3, 1]
[3, 1]
[3, 1]
[3, 2]
[3, 1]
[3, 1]
[3, 1]
[3, 1]
[3, 1]
[3, 1]
[3, 1]
[3, 1]
[3, 1]
[3, 1]
[3, 1]
[3, 1]
[3, 1]
[3, 1]
[2, 1]
[2, 1]
[2, 1]
[1, 1]
[1, 1]
[1, 1]
[1, 1]
[1, 1]
[1, 1]
[1, 1]
[1, 1]
[1, 1]
[1, 1]
[1, 1]
[1, 1]
[1, 1]
[1, 1]
[1, 1]
[1, 1]
[1, 1]
[1, 1]
[1, 1]
[1, 1]
[1, 1]
[1, 1]
[1, 1]
[1, 1]
[1, 1]
[1, 1]
[2, 1]
[2, 1]
[2, 1]
[2, 1]
[2, 1]
[2, 1]
[2, 1]
[2, 1]
[2, 1]
[2, 1]
[2, 1]
[2, 1]
[2, 1]
[2, 1]
[2, 1]
[2, 1]
[2, 1]
[2, 1]
[2, 1]
[2, 1]
[2, 1]
[2, 1]
[2, 1]
[2, 1]
[2, 1]
[2, 1]
[2, 1]
[2, 1]
[3, 1]
[3, 1]
[3, 1]
[3, 1]
[3, 1]
[3, 1]
[3, 2]
[3, 1]
[3, 1]
[3, 1]
[3, 1]
[3, 1]
[3, 1]
[3, 1]
[3, 1]
[3, 1]
[3, 1]
[3, 1]
[3, 1]
[3, 1]
[3, 1]
[3, 1]
[3, 1]
[3, 1]
[3, 1]
[3, 1]
[3, 1]
[3, 1]
[3, 1]
[3, 1]
[3, 1]
[3, 1]
[3, 2]
[2, 2]
[2, 1]
[2, 1]
[2, 1]
[2, 1]
[2, 1]
[1, 1]
[1, 1]
[1, 1]
[1, 1]
[1, 1]
[1, 1]
[1, 1]
[1, 1]
[1, 1]
[1, 1]
[1, 1]
[1, 1]
[1, 1]
[1, 1]
[1, 1]
[1, 1]
[1, 1]
[1, 1]
[1, 1]
[1, 1]
[1, 1]
[1, 1]
[1, 1]
[1, 1]
[1, 1]
[1, 1]
[1, 1]
[1, 1]
[1, 1]
[1, 1]
[1, 1]
[1, 1]
[1, 1]
[1, 1]
[1, 1]
[1, 1]
[1, 1]
[1, 1]
[1, 1]
[1, 1]
[1, 1]
[1, 1]
[1, 1]
[1, 1]
[1, 1]
[1, 1]
[1, 1]
[1, 1]
[1, 1]
[1, 1]
[1, 2]
[1, 1]
[1, 2]
[1, 1]
[1, 1]
[1, 2]
[1, 1]
[1, 1]
[1, 1]
[1, 1]
[1, 1]
[1, 1]
[1, 1]
[1, 1]
[1, 1]
[1, 1]
[1, 1]
[1, 1]
[1, 1]
[1, 1]
[1, 1]
[1, 1]
[1, 1]
[1, 1]
[1, 1]
[1, 1]
[1, 1]
[1, 1]
[1, 1]
[1, 1]
[1, 1]
[2, 1]
[2, 1]
[2, 1]
[2, 1]
[2, 1]
[2, 1]
[2, 1]
[2, 1]
[2, 2]
[2, 1]
[2, 1]
[2, 1]
[2, 1]
[2, 1]
[2, 1]
[2, 1]
[2, 1]
[2, 1]
[2, 1]
[2, 1]
[2, 1]
[2, 1]
[2, 1]
[2, 2]
[2, 1]
[2, 1]
[2, 1]
[2, 1]
[2, 1]
[2, 1]
[2, 1]
[2, 1]
[2, 1]
[2, 1]
[2, 1]
[2, 1]
[2, 1]
[2, 1]
[2, 1]
[2, 1]
[2, 1]
[3, 1]
[4, 1]
[4, 1]
[4, 1]
[4, 1]
[4, 1]
[4, 1]
[4, 1]
[4, 1]
[4, 1]
[4, 1]
[4, 1]
[4, 1]
[4, 1]
[4, 1]
[4, 1]
[4, 1]
[4, 1]
[4, 1]
[4, 1]
[4, 1]
[4, 1]
[4, 1]
[4, 1]
[4, 1]
[4, 1]
[4, 1]
[5, 1]
[5, 2]
[5, 1]
[5, 1]
[5, 2]
[5, 1]
[5, 1]
[5, 1]
[5, 1]
[6, 1]
[6, 1]
[6, 1]
[6, 1]
[6, 1]
[6, 1]
[6, 1]
[6, 1]
[6, 1]
[6, 1]
[6, 1]
[6, 1]
[6, 1]
[6, 1]
[6, 1]
[6, 1]
[6, 1]
[6, 1]
[6, 1]
[6, 1]
[6, 1]
[6, 1]
[6, 1]
[6, 1]
[6, 1]
[6, 1]
[6, 1]
[7, 1]
[7, 1]
[7, 1]
[7, 1]
[7, 1]
[7, 1]
[7, 1]
[7, 1]
[7, 1]
[7, 1]
[7, 1]
[7, 1]
[7, 1]
[7, 1]
[7, 1]
[7, 1]
[7, 1]
[7, 1]
[7, 1]
[7, 1]
[7, 1]
[7, 1]
[7, 1]
[7, 1]
[7, 2]
[7, 1]
[7, 1]
[7, 1]
[7, 1]
[7, 1]
[7, 1]
[7, 1]
[7, 1]
[7, 1]
[7, 1]
[7, 1]
[7, 1]
[7, 1]
[7, 1]
[7, 1]
[7, 1]
[7, 1]
[7, 2]
[7, 3]
[7, 2]
[7, 1]
[7, 1]
[7, 1]
[7, 1]
[7, 1]
[7, 1]
[8, 1]
[8, 1]
[8, 1]
[8, 1]
[8, 1]
[8, 1]
[8, 1]
[7, 1]
[7, 1]
[7, 1]
[7, 1]
[7, 1]
[7, 1]
[7, 1]
[7, 1]
[7, 1]
[7, 1]
[7, 1]
[7, 1]
[7, 1]
[7, 1]
[7, 1]
[7, 1]
[7, 1]
[7, 1]
[7, 1]
[7, 1]
[7, 1]
[7, 1]
[7, 1]
[7, 1]
[7, 1]
[7, 1]
[7, 1]
[7, 1]
[7, 1]
[7, 1]
[7, 1]
[7, 1]
[7, 1]
[7, 1]
[7, 1]
[7, 1]
[7, 1]
[7, 1]
[7, 1]
[7, 1]
[6, 1]
[6, 1]
[6, 1]
[6, 1]
[6, 1]
[6, 1]
[6, 1]
[6, 1]
[7, 1]
[7, 1]
[7, 1]
[7, 1]
[7, 1]
[7, 1]
[7, 1]
[7, 1]
[7, 1]
[7, 1]
[7, 1]
[7, 1]
[7, 2]
[7, 1]
[7, 1]
[7, 1]
[7, 2]
[7, 1]
[7, 1]
[7, 1]
[7, 1]
[7, 1]
[7, 1]
[7, 1]
[7, 1]
[7, 2]
[7, 1]
[7, 1]
[7, 1]
[7, 1]
[7, 1]
[7, 1]
[7, 1]
[7, 1]
[7, 1]
[7, 1]
[7, 1]
[7, 1]
[7, 1]
[7, 1]
[7, 1]
[7, 1]
[7, 1]
[7, 1]
[7, 1]
[7, 1]
[7, 1]
[7, 1]
[7, 1]
[7, 1]
[7, 1]
[7, 1]
[7, 1]
[7, 1]
[7, 1]
[7, 1]
[7, 1]
[7, 1]
[7, 1]
[7, 1]
[7, 1]
[7, 1]
[7, 1]
[7, 1]
[7, 1]
[8, 1]
[8, 2]
[8, 1]
[8, 1]
[8, 1]
[8, 1]
[8, 1]
[9, 1]
[9, 1]
[9, 1]
[9, 1]
[9, 1]
[9, 1]
[9, 1]
[9, 1]
[8, 1]
[8, 1]
[8, 1]
[8, 1]
[8, 1]
[8, 1]
[8, 1]
[8, 1]
[8, 1]
[8, 2]
[8, 1]
[8, 1]
[8, 1]
[8, 1]
[8, 1]
[8, 1]
[8, 1]
[8, 1]
[8, 1]
[8, 1]
[8, 1]
[8, 1]
[8, 1]
[8, 1]
[8, 1]
[8, 1]
[8, 1]
[8, 1]
[8, 1]
[8, 1]
[8, 1]
[8, 1]
[8, 1]
[8, 1]
[8, 1]
[8, 1]
[8, 1]
[8, 1]
[8, 1]
[7, 1]
[7, 1]
[7, 1]
[7, 1]
[7, 1]
[7, 1]
[8, 1]
[8, 1]
[8, 1]
[8, 1]
[8, 1]
[8, 1]
[8, 1]
[8, 1]
[8, 1]
[8, 1]
[8, 1]
[8, 1]
[9, 1]
[9, 1]
[9, 1]
[9, 1]
[9, 1]
[9, 1]
[9, 1]
[9, 1]
[9, 1]
[9, 1]
[9, 1]
[9, 1]
[9, 1]
[9, 1]
[9, 1]
[9, 1]
[9, 1]
[9, 1]
[9, 1]
[9, 1]
[9, 1]
[9, 1]
[9, 1]
[9, 1]
[9, 1]
[9, 1]
[9, 1]
[9, 1]
[9, 1]
[9, 1]
[9, 1]
[9, 1]
[9, 1]
[9, 1]
[9, 1]
[9, 1]
[9, 1]
[9, 1]
[9, 1]
[9, 1]
[9, 1]
[9, 1]
[9, 1]
[9, 1]
[9, 1]
[9, 1]
[9, 1]
[9, 1]
[9, 1]
[9, 1]
[9, 1]
[9, 1]
[10, 1]
[10, 1]
[10, 1]
[10, 1]
[10, 1]
[10, 1]
[10, 1]
[10, 1]
[10, 1]
[10, 1]
[10, 1]
[10, 1]
[10, 1]
[10, 1]
[9, 1]
[10, 1]
[10, 1]
[10, 1]
[10, 1]
[10, 1]
[10, 1]
[10, 1]
[10, 1]
[10, 1]
[10, 1]
[10, 1]
[10, 1]
[10, 1]
[10, 1]
[10, 1]
[10, 1]
[10, 1]
[10, 1]
[10, 1]
[10, 1]
[10, 1]
[10, 1]
[10, 1]
[10, 1]
[10, 1]
[10, 1]
[10, 1]
[11, 1]
[11, 1]
[11, 1]
[11, 1]
[11, 1]
[11, 1]
[11, 1]
[11, 1]
[11, 1]
[11, 1]
[11, 1]
[11, 1]
[11, 1]
[11, 1]
[12, 1]
[12, 1]
[12, 1]
[12, 1]
[12, 1]
[12, 1]
[12, 1]
[12, 1]
[12, 1]
[12, 1]
[12, 1]
[12, 1]
[12, 1]
[12, 1]
[12, 1]
[12, 1]
[12, 1]
[12, 1]
[12, 1]
[12, 1]
[13, 1]
[13, 1]
[13, 1]
[13, 1]
[13, 1]
[13, 1]
[13, 2]
[13, 3]
[13, 2]
[13, 1]
[13, 1]
[13, 1]
[13, 1]
[13, 1]
[13, 1]
[13, 1]
[13, 1]
[12, 1]
[12, 1]
[12, 1]
[12, 1]
[12, 1]
[12, 1]
[12, 1]
[11, 1]
[11, 1]
[11, 2]
[11, 1]
[10, 1]
[10, 1]
[10, 1]
[10, 1]
[10, 1]
[10, 1]
[10, 1]
[10, 1]
[10, 1]
[10, 1]
[10, 1]
[10, 1]
[10, 1]
[10, 1]
[10, 1]
[10, 1]
[10, 1]
[10, 1]
[10, 1]
[10, 1]
[10, 1]
[10, 1]
[10, 1]
[10, 1]
[10, 1]
[10, 1]
[10, 1]
[10, 1]
[10, 2]
[10, 1]
[10, 1]
[10, 1]
[10, 1]
[10, 1]
[10, 1]
[10, 1]
[10, 1]
[10, 1]
[10, 1]
[10, 1]
[10, 1]
[10, 1]
[10, 1]
[9, 1]
[9, 1]
[9, 1]
[9, 1]
[9, 1]
[9, 1]
[9, 1]
[9, 1]
[9, 1]
[9, 1]
[9, 1]
[9, 1]
[9, 2]
[9, 1]
[9, 1]
[9, 1]
[9, 1]
[9, 1]
[9, 1]
[9, 1]
[9, 1]
[9, 1]
[9, 1]
[9, 1]
[9, 1]
[9, 1]
[9, 1]
[9, 1]
[9, 1]
[9, 1]
[9, 1]
[9, 1]
[9, 1]
[9, 1]
[9, 1]
[9, 1]
[10, 1]
[10, 1]
[10, 1]
[10, 1]
[10, 1]
[10, 1]
[10, 1]
[10, 1]
[10, 1]
[10, 1]
[10, 1]
[10, 1]
[10, 1]
[10, 1]
[11, 1]
[11, 1]
[11, 1]
[11, 1]
[11, 1]
[11, 1]
[11, 1]
[11, 1]
[11, 1]
[11, 1]
[11, 1]
[11, 1]
[11, 1]
[11, 1]
[11, 1]
[11, 1]
[11, 1]
[11, 1]
[11, 1]
[11, 1]
[11, 1]
[11, 1]
[11, 1]
[11, 1]
[11, 1]
[11, 1]
[11, 1]
[11, 1]
[11, 1]
[10, 1]
[9, 1]
[10, 1]
[10, 1]
[10, 1]
[10, 1]
[10, 2]
[10, 1]
[10, 1]
[10, 1]
[10, 1]
[10, 1]
[10, 1]
[10, 1]
[10, 1]
[10, 1]
[10, 1]
[10, 1]
[10, 1]
[10, 1]
[10, 1]
[10, 1]
[10, 1]
[10, 1]
[10, 1]
[10, 1]
[10, 1]
[10, 1]
[10, 2]
[10, 1]
[10, 1]
[10, 1]
[10, 1]
[10, 1]
[10, 1]
[10, 1]
[10, 1]
[10, 2]
[10, 1]
[10, 1]
[10, 1]
[10, 1]
[10, 1]
[10, 1]
[10, 1]
[10, 1]
[10, 1]
[10, 1]
[10, 1]
[10, 2]
[10, 1]
[10, 1]
[10, 1]
[10, 1]
[10, 2]
[10, 1]
[9, 1]
[9, 1]
[9, 1]
[9, 1]
[9, 1]
[9, 1]
[9, 1]
[9, 1]
[9, 1]
[9, 1]
[9, 1]
[9, 1]
[9, 1]
[9, 1]
[9, 1]
[9, 1]
[9, 1]
[9, 1]
[9, 1]
[9, 1]
[9, 1]
[9, 1]
[9, 1]
[9, 2]
[9, 1]
[9, 1]
[9, 1]
[9, 1]
[9, 1]
[9, 1]
[9, 1]
[9, 1]
[9, 1]
[9, 1]
[9, 1]
[9, 1]
[9, 1]
[9, 1]
[9, 2]
[9, 1]
[9, 1]
[9, 1]
[9, 1]
[9, 1]
[9, 1]
[9, 1]
[9, 1]
[9, 1]
[9, 1]
[9, 1]
[9, 1]
[9, 1]
[9, 1]
[9, 1]
[9, 1]
[9, 1]
[9, 1]
[9, 1]
[9, 2]
[9, 1]
[9, 1]
[9, 1]
[9, 1]
[9, 1]
[9, 1]
[9, 1]
[9, 1]
[9, 1]
[9, 1]
[9, 1]
[9, 1]
[9, 1]
[9, 1]
[9, 1]
[9, 1]
[9, 1]
[9, 1]
[9, 1]
[9, 1]
[9, 1]
[9, 1]
[9, 1]
[9, 1]
[9, 1]
[9, 1]
[9, 1]
[9, 1]
[9, 1]
[9, 1]
[9, 1]
[9, 1]
[10, 1]
[10, 2]
[10, 1]
[10, 1]
[10, 1]
[10, 1]
[10, 1]
[10, 1]
[10, 1]
[10, 1]
[9, 1]
[9, 1]
[9, 1]
[9, 1]
[9, 1]
[9, 1]
[8, 1]
[8, 1]
[8, 1]
[8, 1]
[8, 1]
[8, 1]
[8, 1]
[8, 1]
[8, 1]
[8, 1]
[8, 1]
[8, 1]
[8, 1]
[8, 1]
[8, 1]
[8, 1]
[8, 1]
[8, 1]
[8, 1]
[8, 1]
[8, 1]
[8, 1]
[8, 1]
[8, 1]
[8, 1]
[8, 1]
[8, 1]
[8, 1]
[8, 1]
[8, 1]
[8, 1]
[8, 2]
[8, 1]
[8, 1]
[8, 1]
[8, 1]
[8, 1]
[8, 1]
[8, 1]
[8, 1]
[8, 1]
[8, 1]
[8, 1]
[8, 1]
[8, 1]
[8, 1]
[8, 1]
[8, 1]
[8, 1]
[8, 1]
[8, 1]
[8, 1]
[8, 1]
[8, 1]
[8, 1]
[8, 1]
[8, 1]
[8, 1]
[8, 1]
[8, 1]
[8, 1]
[8, 1]
[8, 1]
[8, 1]
[8, 1]
[8, 1]
[8, 1]
[8, 1]
[8, 1]
[8, 1]
[8, 1]
[8, 1]
[8, 1]
[8, 1]
[8, 1]
[8, 1]
[8, 1]
[8, 1]
[8, 1]
[8, 2]
[8, 1]
[9, 1]
[10, 1]
[9, 1]
[9, 1]
[9, 1]
[9, 1]
[9, 1]
[10, 1]
[10, 1]
[10, 1]
[10, 1]
[10, 1]
[11, 1]
[11, 1]
[11, 1]
[11, 1]
[11, 1]
[11, 1]
[11, 1]
[11, 1]
[11, 1]
[11, 1]
[11, 1]
[10, 1]
[10, 1]
[10, 1]
[10, 1]
[10, 1]
[10, 1]
[10, 1]
[10, 1]
[10, 1]
[10, 1]
[10, 1]
[10, 1]
[10, 1]
[10, 1]
[10, 1]
[10, 1]
[10, 1]
[10, 1]
[10, 1]
[10, 1]
[10, 1]
[9, 1]
[9, 1]
[9, 1]
[9, 1]
[9, 1]
[9, 1]
[9, 1]
[8, 1]
[8, 1]
[8, 1]
[8, 1]
[8, 1]
[8, 1]
[8, 1]
[8, 1]
[9, 1]
[9, 1]
[9, 1]
[9, 1]
[9, 1]
[9, 1]
[9, 1]
[9, 1]
[9, 1]
[9, 1]
[9, 1]
[9, 1]
[9, 2]
[9, 3]
[9, 4]
[9, 5]
[9, 4]
[9, 5]
[9, 6]
[9, 7]
[9, 8]
[9, 9]
[9, 10]
[9, 11]
[9, 12]
[9, 13]
[9, 14]
[9, 15]
[9, 16]
[9, 17]
[9, 18]
[9, 19]
[9, 20]
[9, 19]
[9, 20]
[9, 21]
[9, 22]
[9, 23]
[9, 24]
[9, 25]
[9, 26]
[10, 26]
[10, 27]
[9, 27]
[9, 28]
[9, 29]
[9, 30]
[9, 31]
[9, 32]
[9, 33]
[9, 32]
[9, 33]
[9, 34]
[9, 35]
[9, 36]
[9, 37]
[9, 38]
[9, 39]
[9, 40]
[9, 41]
[9, 42]
[9, 43]
[9, 44]
[9, 45]
[9, 46]
[9, 47]
[9, 48]
[9, 49]
[9, 50]
[9, 51]
[9, 52]
[9, 53]
[9, 52]
[9, 53]
[9, 54]
[9, 55]
[9, 56]
[9, 57]
[9, 58]
[9, 59]
[9, 60]
[9, 61]
[9, 60]
[9, 59]
[9, 58]
[9, 57]
[9, 56]
[9, 57]
[9, 58]
[9, 59]
[9, 60]
[9, 61]
[9, 62]
[9, 63]
[9, 64]
[9, 65]
[9, 66]
[9, 67]
[8, 67]
[8, 68]
[8, 69]
[8, 70]
[8, 71]
[8, 72]
[8, 73]
[8, 74]
[8, 75]
[8, 76]
[8, 77]
[8, 78]
[9, 78]
[9, 79]
[9, 80]
[9, 81]
[9, 82]
[9, 83]
[9, 84]
[9, 85]
[9, 86]
[9, 87]
[9, 88]
[9, 89]
[9, 90]
[9, 91]
[9, 92]
[9, 93]
[9, 94]
[9, 95]
[9, 96]
[9, 97]
[9, 98]
[9, 99]
[9, 100]
[9, 101]
[8, 101]
[8, 102]
[8, 103]
[8, 104]
[8, 105]
[7, 105]
[7, 106]
[7, 107]
[7, 108]
[7, 109]
[7, 110]
[7, 111]
[7, 112]
[7, 111]
[7, 110]
[7, 109]
[7, 108]
[7, 107]
[7, 108]
[7, 109]
[7, 110]
[7, 111]
[7, 112]
[7, 113]
[7, 114]
[7, 115]
[8, 115]
[8, 116]
[8, 117]
[8, 118]
[8, 119]
[8, 120]
[8, 121]
[8, 122]
[8, 123]
[8, 124]
[7, 124]
[7, 125]
[7, 126]
[7, 127]
[7, 128]
[7, 129]
[7, 130]
[7, 131]
[7, 132]
[7, 133]
[7, 134]
[7, 135]
[8, 135]
[8, 134]
[8, 133]
[8, 132]
[8, 131]
[8, 130]
[8, 129]
[8, 128]
[8, 127]
[8, 126]
[8, 125]
[8, 124]
[8, 123]
[8, 122]
[8, 121]
[8, 120]
[8, 119]
[8, 118]
[8, 117]
[8, 116]
[8, 115]
[8, 114]
[8, 113]
[8, 112]
[8, 111]
[8, 110]
[8, 109]
[8, 108]
[8, 109]
[8, 108]
[8, 107]
[8, 106]
[8, 105]
[8, 104]
[8, 103]
[8, 102]
[8, 101]
[8, 100]
[7, 100]
[7, 99]
[7, 98]
[7, 97]
[7, 96]
[7, 95]
[7, 94]
[7, 95]
[7, 96]
[7, 97]
[7, 98]
[7, 99]
[7, 98]
[7, 97]
[7, 96]
[7, 95]
[7, 94]
[7, 93]
[7, 92]
[7, 91]
[7, 90]
[7, 89]
[7, 88]
[7, 87]
[7, 86]
[7, 85]
[7, 84]
[7, 83]
[7, 82]
[7, 81]
[7, 80]
[7, 79]
[6, 79]
[6, 78]
[6, 77]
[6, 76]
[6, 75]
[6, 74]
[6, 73]
[7, 73]
[7, 72]
[7, 71]
[7, 70]
[7, 69]
[7, 68]
[7, 67]
[6, 67]
[6, 66]
[6, 65]
[6, 64]
[6, 63]
[6, 62]
[6, 61]
[6, 60]
[6, 59]
[6, 60]
[6, 59]
[6, 58]
[6, 57]
[6, 56]
[6, 55]
[6, 54]
[6, 53]
[6, 52]
[6, 51]
[6, 50]
[6, 49]
[5, 49]
[5, 48]
[5, 47]
[5, 46]
[5, 45]
[5, 44]
[5, 43]
[5, 42]
[5, 41]
[5, 40]
[5, 39]
[5, 38]
[6, 38]
[6, 37]
[6, 36]
[6, 35]
[6, 34]
[6, 33]
[6, 32]
[6, 31]
[6, 30]
[6, 29]
[6, 28]
[6, 27]
[6, 26]
[7, 26]
[7, 25]
[7, 24]
[7, 23]
[7, 22]
[7, 21]
[7, 20]
[7, 19]
[7, 18]
[7, 17]
[7, 16]
[7, 15]
[7, 14]
[7, 13]
[7, 12]
[7, 11]
[7, 10]
[7, 9]
[7, 8]
[7, 7]
[7, 6]
[7, 5]
[7, 4]
[7, 3]
[7, 2]
[7, 1]
[6, 1]
[6, 1]
[6, 1]
[6, 1]
[6, 1]
[6, 1]
[6, 1]
[6, 1]
[6, 1]
[6, 1]
[6, 1]
[6, 2]
[6, 1]
[6, 1]
[6, 1]
[6, 1]
[6, 1]
[6, 1]
[6, 1]
[6, 1]
[6, 1]
[6, 1]
[6, 1]
[6, 1]
[6, 1]
[6, 1]
[6, 1]
[6, 1]
[6, 1]
[6, 1]
[6, 1]
[6, 1]
[6, 1]
[6, 1]
[6, 1]
[6, 1]
[6, 1]
[6, 1]
[6, 1]
[6, 1]
[6, 1]
[6, 1]
[6, 1]
[6, 1]
[6, 1]
[6, 1]
[5, 1]
[5, 1]
[5, 1]
[5, 1]
[5, 1]
[5, 1]
[5, 1]
[5, 1]
[5, 1]
[5, 2]
[5, 1]
[5, 1]
[5, 1]
[5, 1]
[5, 1]
[5, 1]
[5, 1]
[5, 1]
[5, 1]
[5, 1]
[5, 1]
[5, 1]
[5, 1]
[5, 1]
[5, 1]
[5, 1]
[5, 1]
[5, 1]
[5, 1]
[5, 1]
[5, 1]
[5, 1]
[4, 1]
[4, 1]
[4, 1]
[4, 1]
[4, 1]
[4, 1]
[4, 1]
[4, 1]
[4, 1]
[4, 1]
[4, 1]
[4, 1]
[4, 2]
[4, 1]
[4, 1]
[4, 1]
[4, 1]
[4, 1]
[4, 1]
[4, 1]
[4, 1]
[4, 1]
[3, 1]
[3, 1]
[3, 1]
[3, 1]
[3, 1]
[3, 1]
[3, 1]
[3, 1]
[3, 1]
[3, 1]
[3, 1]
[3, 1]
[3, 1]
[3, 1]
[3, 1]
[3, 1]
[3, 1]
[3, 1]
[3, 1]
[3, 1]
[3, 1]
[3, 1]
[3, 1]
[3, 1]
[3, 1]
[3, 1]
[3, 1]
[3, 1]
[3, 1]
[2, 1]
[2, 1]
[2, 1]
[2, 1]
[2, 1]
[2, 1]
[2, 1]
[2, 1]
[2, 1]
[2, 1]
[3, 1]
[3, 1]
[3, 1]
[3, 1]
[3, 1]
[3, 1]
[3, 1]
[3, 1]
[3, 1]
[3, 1]
[4, 1]
[4, 2]
[3, 2]
[3, 3]
[3, 2]
[3, 1]
[3, 1]
[3, 1]
[3, 1]
[3, 1]
[3, 1]
[4, 1]
[4, 1]
[4, 1]
[4, 1]
[4, 1]
[4, 1]
[4, 1]
[4, 1]
[4, 2]
[4, 1]
[4, 1]
[4, 1]
[4, 1]
[4, 1]
[4, 1]
[4, 2]
[4, 1]
[4, 2]
[3, 2]
[2, 2]
[2, 1]
[2, 1]
[2, 1]
[2, 1]
[2, 1]
[2, 1]
[2, 1]
[2, 1]
[2, 1]
[2, 1]
[2, 1]
[2, 1]
[2, 1]
[2, 1]
[2, 1]
[2, 1]
[2, 1]
[2, 2]
[2, 1]
[2, 1]
[2, 1]
[2, 1]
[2, 1]
[3, 1]
[3, 1]
[3, 1]
[3, 1]
[3, 1]
[3, 1]
[3, 1]
[3, 1]
[3, 1]
[3, 1]
[3, 1]
[3, 1]
[3, 1]
[3, 1]
[3, 1]
[3, 1]
[3, 1]
[3, 1]
[3, 1]
[3, 1]
[3, 1]
[3, 1]
[3, 1]
[3, 1]
[3, 1]
[3, 1]
[3, 1]
[4, 1]
[4, 1]
[4, 1]
[4, 1]
[4, 1]
[3, 1]
[3, 1]
[3, 1]
[3, 1]
[3, 1]
[3, 1]
[3, 1]
[3, 1]
[3, 1]
[3, 1]
[3, 1]
[3, 1]
[4, 1]
[4, 1]
[4, 1]
[4, 1]
[4, 1]
[4, 1]
[4, 1]
[3, 1]
[3, 1]
[3, 1]
[3, 1]
[3, 1]
[3, 1]
[3, 1]
[3, 1]
[3, 1]
[3, 1]
[3, 1]
[3, 1]
[3, 1]
[3, 1]
[3, 1]
[3, 1]
[3, 1]
[4, 1]
[4, 1]
[4, 1]
[4, 1]
[4, 1]
[4, 2]
[4, 1]
[4, 1]
[4, 1]
[4, 1]
[4, 1]
[4, 1]
[4, 1]
[4, 1]
[4, 1]
[4, 1]
[3, 1]
[3, 1]
[3, 1]
[3, 1]
[3, 1]
[3, 1]
[3, 1]
[3, 1]
[3, 1]
[3, 1]
[3, 1]
[3, 1]
[3, 1]
[4, 1]
[4, 1]
[4, 1]
[4, 1]
[4, 1]
[4, 1]
[4, 1]
[5, 1]
[5, 1]
[5, 1]
[5, 1]
[5, 1]
[5, 2]
[6, 2]
[6, 1]
[6, 1]
[6, 1]
[6, 1]
[6, 1]
[6, 1]
[5, 1]
[5, 1]
[4, 1]
[4, 1]
[4, 1]
[4, 1]
[4, 1]
[4, 1]
[4, 1]
[4, 1]
[4, 1]
[4, 1]
[4, 1]
[4, 1]
[4, 1]
[4, 1]
[4, 1]
[3, 1]
[3, 1]
[3, 1]
[2, 1]
[2, 1]
[2, 1]
[2, 1]
[2, 1]
[2, 1]
[2, 1]
[2, 1]
[2, 1]
[2, 1]
[2, 1]
[2, 1]
[2, 1]
[1, 1]
[1, 1]
[1, 1]
[1, 1]
[1, 1]
[1, 1]
[1, 1]
[1, 1]
[1, 1]
[1, 1]
[1, 1]
[1, 1]
[1, 1]
[1, 1]
[1, 1]
[1, 1]
[1, 1]
[1, 1]
[1, 1]
[1, 1]
[1, 1]
[1, 1]
[1, 1]
[1, 1]
[1, 1]
[1, 1]
[1, 1]
[1, 1]
[1, 1]
[1, 1]
[1, 1]
[1, 1]
[1, 1]
[1, 1]
[1, 1]
[1, 1]
[1, 1]
[1, 1]
[1, 1]
[1, 1]
[2, 1]
[2, 1]
[2, 1]
[2, 1]
[2, 1]
[2, 1]
[2, 1]
[2, 1]
[2, 1]
[2, 1]
[2, 1]
[2, 1]
[2, 1]
[2, 1]
[2, 1]
[2, 1]
[2, 1]
[2, 1]
[1, 1]
[1, 1]
[1, 1]
[1, 2]
[1, 3]
[1, 4]
[1, 5]
[1, 6]
[1, 7]
[1, 8]
[1, 9]
[1, 10]
[1, 11]
[1, 12]
[1, 13]
[1, 14]
[1, 15]
[1, 16]
[1, 17]
[1, 18]
[1, 19]
[1, 20]
[1, 21]
[1, 22]
[1, 23]
[1, 24]
[1, 25]
[1, 26]
[1, 27]
[1, 28]
[1, 29]
[1, 30]
[1, 31]
[1, 32]
[1, 33]
[1, 34]
[1, 35]
[1, 36]
[1, 37]
[1, 38]
[1, 39]
[1, 40]
[1, 41]
[1, 42]
[1, 43]
[1, 44]
[1, 45]
[1, 45]
[1, 46]
[1, 47]
[1, 48]
[1, 49]
[1, 50]
[1, 51]
[1, 52]
[1, 53]
[1, 54]
[2, 54]
[2, 55]
[2, 56]
[2, 57]
[2, 56]
[2, 55]
[2, 56]
[2, 57]
[3, 57]
[3, 58]
[4, 58]
[4, 59]
[4, 60]
[4, 61]
[4, 62]
[4, 63]
[4, 64]
[4, 65]
[4, 66]
[4, 67]
[4, 68]
[4, 69]
[4, 70]
[4, 71]
[4, 72]
[4, 73]
[4, 74]
[4, 75]
[4, 76]
[4, 77]
[4, 78]
[4, 79]
[4, 80]
[4, 81]
[4, 82]
[4, 83]
[5, 83]
[5, 84]
[5, 85]
[5, 86]
[5, 87]
[5, 88]
[5, 89]
[5, 90]
[5, 89]
[5, 90]
[5, 91]
[5, 92]
[5, 93]
[6, 93]
[6, 94]
[7, 94]
[7, 95]
[7, 96]
[7, 97]
[7, 98]
[7, 99]
[8, 99]
[8, 100]
[8, 101]
[8, 102]
[7, 102]
[7, 103]
[7, 104]
[7, 105]
[7, 106]
[7, 107]
[6, 107]
[5, 107]
[4, 107]
[3, 107]
[2, 107]
[1, 107]
[1, 107]
[1, 107]
[1, 107]
[1, 107]
[1, 107]
[1, 107]
[1, 107]
[1, 107]
[1, 108]
[1, 109]
[1, 110]
[1, 111]
[1, 112]
[1, 113]
[1, 114]
[1, 115]
[1, 116]
[1, 117]
[1, 117]
[1, 117]
[1, 117]
[1, 117]
[1, 117]
[1, 117]
[1, 118]
[1, 118]
[1, 118]
[1, 118]
[2, 118]
[1, 118]
[1, 118]
[1, 118]
[1, 118]
[1, 118]
[1, 118]
[1, 118]
[1, 118]
[1, 118]
[1, 118]
[1, 118]
[1, 118]
[1, 118]
[1, 118]
[1, 118]
[1, 119]
[1, 119]
[1, 119]
[1, 119]
[1, 119]
[1, 119]
[1, 119]
[1, 119]
[1, 118]
[1, 118]
[1, 118]
[1, 118]
[1, 118]
[1, 117]
[1, 117]
[2, 117]
[1, 117]
[1, 117]
[1, 117]
[1, 117]
[1, 116]
[1, 116]
[1, 116]
[1, 116]
[1, 116]
[1, 116]
[1, 116]
[1, 116]
[1, 116]
[1, 117]
[1, 118]
[1, 119]
[1, 120]
[1, 121]
[1, 122]
[1, 122]
[1, 123]
[1, 124]
[1, 123]
[1, 124]
[1, 125]
[1, 126]
[1, 127]
[1, 128]
[1, 129]
[1, 130]
[2, 130]
[2, 131]
[2, 132]
[2, 133]
[2, 134]
[2, 135]
[2, 136]
[2, 137]
[2, 138]
[2, 139]
[2, 140]
[2, 141]
[2, 142]
[2, 143]
[2, 144]
[2, 145]
[2, 146]
[2, 147]
[2, 148]
[2, 149]
[2, 150]
[2, 151]
[2, 152]
[2, 153]
[1, 153]
[1, 154]
[1, 155]
[1, 156]
[1, 157]
[1, 158]
[1, 159]
[1, 160]
[1, 161]
[1, 162]
[1, 163]
[1, 164]
[1, 165]
[1, 166]
[1, 167]
[1, 168]
[1, 168]
[1, 169]
[1, 170]
[1, 170]
[1, 170]
[1, 171]
[1, 171]
[1, 171]
[1, 171]
[1, 171]
[1, 171]
[1, 171]
[1, 171]
[1, 171]
[1, 171]
[1, 171]
[1, 171]
[1, 171]
[1, 171]
[1, 171]
[1, 171]
[1, 171]
[1, 172]
[1, 172]
[1, 172]
[1, 172]
[1, 172]
[1, 172]
[1, 173]
[1, 174]
[1, 173]
[1, 174]
[1, 175]
[1, 176]
[2, 176]
[2, 177]
[2, 178]
[2, 179]
[2, 180]
[2, 181]
[2, 182]
[1, 182]
[1, 183]
[1, 183]
[1, 184]
[1, 185]
[1, 186]
[1, 187]
[1, 188]
[1, 189]
[1, 190]
[1, 191]
[1, 191]
[1, 192]
[1, 193]
[1, 194]
[1, 195]
[1, 196]
[1, 197]
[1, 197]
[1, 198]
[1, 199]
[1, 200]
[1, 199]
[1, 199]
[1, 199]
[1, 199]
[1, 200]
[1, 200]
[1, 200]
[1, 200]
[1, 200]
[1, 200]
[1, 200]
[1, 200]
[1, 200]
[1, 200]
[1, 200]
[1, 200]
[1, 201]
[1, 201]
[1, 201]
[1, 201]
[1, 200]
[1, 200]
[1, 200]
[1, 200]
[1, 200]
[1, 201]
[1, 202]
[1, 203]
[1, 204]
[1, 205]
[1, 206]
[1, 207]
[1, 208]
[1, 209]
[1, 210]
[1, 211]
[1, 212]
[1, 213]
[1, 214]
[1, 215]
[1, 215]
[1, 215]
[1, 215]
[1, 215]
[1, 215]
[1, 215]
[1, 215]
[1, 215]
[1, 215]
[1, 215]
[1, 215]
[1, 215]
[2, 215]
[1, 215]
[1, 215]
[1, 215]
[1, 215]
[1, 215]
[1, 215]
[1, 215]
[1, 215]
[1, 215]
[1, 215]
[1, 215]
[1, 215]
[1, 216]
[1, 217]
[1, 218]
[1, 219]
[1, 220]
[1, 221]
[1, 222]
[2, 222]
[2, 223]
[2, 224]
[2, 225]
[2, 226]
[2, 227]
[2, 228]
[2, 229]
[2, 230]
[2, 231]
[2, 232]
[2, 233]
[2, 234]
[1, 234]
[1, 235]
[1, 236]
[1, 237]
[2, 237]
[2, 238]
[2, 239]
[2, 240]
[2, 241]
[2, 242]
[2, 243]
[2, 244]
[2, 245]
[2, 246]
[2, 247]
[2, 248]
[2, 249]
[2, 250]
[2, 251]
[3, 251]
[3, 252]
[3, 253]
[3, 254]
[3, 255]
[3, 256]
[3, 255]
[3, 256]
[3, 257]
[3, 258]
[3, 259]
[3, 260]
[3, 261]
[3, 262]
[3, 263]
[3, 264]
[3, 265]
[3, 266]
[3, 267]
[3, 268]
[3, 269]
[4, 269]
[4, 270]
[4, 271]
[4, 272]
[4, 273]
[4, 274]
[4, 275]
[4, 276]
[5, 276]
[5, 277]
[5, 278]
[5, 279]
[5, 280]
[5, 281]
[5, 282]
[5, 283]
[5, 282]
[5, 283]
[5, 284]
[5, 285]
[5, 286]
[5, 287]
[5, 288]
[5, 289]
[5, 290]
[5, 291]
[5, 292]
[5, 293]
[5, 294]
[5, 295]
[5, 294]
[5, 295]
[5, 296]
[5, 297]
[5, 298]
[5, 299]
