[96, 12]
[97, 11]
[97, 12]
[97, 13]
[97, 14]
[97, 15]
[97, 16]
[97, 17]
[97, 18]
[97, 19]
[96, 18]
[97, 17]
[97, 18]
[97, 19]
[97, 20]
[97, 21]
[97, 22]
[97, 23]
[97, 24]
[97, 25]
[97, 26]
[97, 27]
[97, 28]
[97, 29]
[97, 30]
[97, 31]
[98, 32]
[98, 33]
[98, 34]
[97, 33]
[97, 34]
[97, 35]
[97, 36]
[97, 37]
[97, 38]
[97, 39]
[97, 40]
[97, 41]
[97, 40]
[97, 41]
[97, 42]
[97, 43]
[97, 44]
[97, 45]
[97, 46]
[97, 47]
[97, 48]
[97, 49]
[97, 50]
[97, 51]
[97, 52]
[97, 53]
[97, 54]
[97, 55]
[97, 56]
[97, 57]
[97, 58]
[97, 59]
[97, 60]
[97, 61]
[97, 62]
[97, 63]
[97, 64]
[97, 65]
[97, 66]
[97, 67]
[97, 68]
[97, 69]
[97, 70]
[97, 71]
[97, 72]
[97, 73]
[97, 74]
[97, 75]
[97, 76]
[97, 77]
[97, 78]
[97, 79]
[97, 80]
[97, 81]
[97, 82]
[97, 83]
[96, 84]
[97, 83]
[97, 84]
[97, 85]
[97, 84]
[96, 85]
[97, 84]
[97, 85]
[97, 86]
[97, 87]
[97, 88]
[97, 89]
[97, 90]
[97, 91]
[97, 92]
[97, 93]
[97, 94]
[97, 95]
