[146, 119]
[146, 120]
[146, 119]
[146, 120]
[146, 121]
[147, 121]
[148, 121]
[149, 121]
[149, 122]
[150, 122]
[151, 122]
[152, 122]
[153, 122]
[154, 122]
[155, 122]
[156, 122]
[157, 122]
[158, 122]
[159, 122]
[160, 122]
[161, 122]
[162, 122]
[163, 122]
[164, 122]
[165, 122]
[166, 122]
[167, 122]
[168, 122]
[169, 122]
[170, 122]
[171, 122]
[172, 122]
[173, 122]
[172, 122]
[173, 122]
[174, 122]
[175, 122]
[176, 122]
[177, 122]
[178, 122]
[179, 122]
[180, 122]
[179, 122]
[180, 122]
[181, 122]
[182, 122]
[183, 122]
[184, 122]
[185, 122]
[184, 122]
[184, 121]
[185, 121]
[186, 121]
[186, 120]
[186, 121]
[187, 121]
[188, 121]
[189, 121]
[190, 121]
[191, 121]
[192, 121]
[193, 121]
[194, 121]
[195, 121]
[196, 121]
[197, 121]
[198, 121]
[197, 121]
[198, 121]
[199, 121]
[200, 121]
[201, 121]
[202, 121]
[203, 121]
[204, 121]
[205, 121]
[206, 121]
[207, 121]
[208, 121]
[208, 120]
[208, 121]
[207, 121]
[208, 121]
[208, 120]
[208, 121]
[209, 121]
[210, 121]
[211, 121]
[211, 120]
[211, 121]
[212, 121]
[212, 120]
[212, 121]
[213, 121]
[214, 121]
[215, 121]
[216, 121]
[216, 122]
[217, 122]
[218, 122]
[219, 122]
[220, 122]
[221, 122]
[222, 122]
[223, 122]
[224, 122]
[225, 122]
[226, 122]
[227, 122]
[228, 122]
[229, 122]
[230, 122]
[231, 122]
[232, 122]
[233, 122]
[234, 122]
[235, 122]
[236, 122]
[237, 122]
[238, 122]
[239, 122]
[240, 122]
[241, 122]
[242, 122]
[241, 122]
[240, 122]
[239, 122]
[238, 122]
[237, 122]
[236, 122]
[235, 122]
[234, 122]
[233, 122]
[232, 122]
[231, 122]
[230, 122]
[229, 122]
[228, 122]
[227, 122]
[226, 122]
[225, 122]
[224, 122]
[223, 122]
[222, 122]
[223, 122]
[222, 122]
[221, 122]
[220, 122]
[219, 122]
[218, 122]
[218, 121]
[217, 121]
[216, 121]
[217, 121]
[216, 121]
[215, 121]
[214, 121]
[213, 121]
[212, 121]
[213, 121]
[214, 121]
[215, 121]
[214, 121]
[215, 121]
[216, 121]
[217, 121]
[218, 121]
[219, 121]
[220, 121]
[221, 121]
[222, 121]
[223, 121]
[224, 121]
[225, 121]
[226, 121]
[226, 122]
[227, 122]
[228, 122]
[229, 122]
[230, 122]
[231, 122]
[232, 122]
[233, 122]
[234, 122]
[235, 122]
[236, 122]
[237, 122]
[238, 122]
[239, 122]
[240, 122]
[241, 122]
[240, 122]
[241, 122]
[242, 122]
[241, 122]
[240, 122]
[239, 122]
[238, 122]
[237, 122]
[236, 122]
[235, 122]
[235, 121]
[234, 121]
[233, 121]
[232, 121]
[231, 121]
[230, 121]
[229, 121]
[228, 121]
[227, 121]
[226, 121]
[225, 121]
[225, 120]
[224, 120]
[224, 119]
[223, 119]
[222, 119]
[221, 119]
[220, 119]
[221, 119]
[220, 119]
[219, 119]
[218, 119]
[217, 119]
[216, 119]
[215, 119]
[214, 119]
[213, 119]
[212, 119]
[211, 119]
[210, 119]
[209, 119]
[208, 119]
[207, 119]
[206, 119]
[205, 119]
[204, 119]
[203, 119]
[202, 119]
[201, 119]
[200, 119]
[201, 119]
[200, 119]
[199, 119]
[198, 119]
[197, 119]
[196, 119]
[195, 119]
[194, 119]
[193, 119]
[192, 119]
[191, 119]
[191, 118]
[190, 118]
[189, 118]
[188, 118]
[187, 118]
[186, 118]
[185, 118]
[184, 118]
[183, 118]
[182, 118]
[182, 117]
[181, 117]
[180, 117]
[179, 117]
[178, 117]
[177, 117]
[176, 117]
[177, 117]
[176, 117]
[175, 117]
[174, 117]
[173, 117]
[172, 117]
[171, 117]
[170, 117]
[169, 117]
[168, 117]
[167, 117]
[166, 117]
[165, 117]
[164, 117]
[163, 117]
[162, 117]
[161, 117]
[160, 117]
[159, 117]
[158, 117]
[157, 117]
[156, 117]
[155, 117]
[154, 117]
[153, 117]
[152, 117]
[151, 117]
[150, 117]
[149, 117]
[148, 117]
[147, 117]
[146, 117]
[145, 117]
[144, 117]
[143, 117]
[143, 118]
[142, 118]
[141, 118]
[140, 118]
[139, 118]
[140, 118]
[139, 118]
[138, 118]
[137, 118]
[136, 118]
[135, 118]
[134, 118]
[133, 118]
[132, 118]
[131, 118]
[130, 118]
[129, 118]
[128, 118]
[127, 118]
[126, 118]
[125, 118]
[124, 118]
[123, 118]
[122, 118]
[121, 118]
[120, 118]
[120, 117]
[119, 117]
[118, 117]
[117, 117]
[116, 117]
[115, 117]
[114, 117]
[113, 117]
[112, 117]
[111, 117]
[110, 117]
[109, 117]
[108, 117]
[107, 117]
[106, 117]
[105, 117]
[104, 117]
[103, 117]
[102, 117]
[103, 117]
[102, 117]
[101, 117]
[100, 117]
[99, 117]
[98, 117]
[97, 117]
[96, 117]
[95, 117]
[94, 117]
[94, 118]
[93, 118]
[92, 118]
[91, 118]
[92, 118]
[91, 118]
[90, 118]
[91, 118]
[90, 118]
[89, 118]
[89, 119]
[88, 119]
[87, 119]
[86, 119]
[85, 119]
[84, 119]
[83, 119]
[82, 119]
[82, 118]
[81, 118]
[81, 119]
[81, 118]
[81, 117]
[81, 116]
[81, 115]
[81, 114]
[81, 113]
[81, 112]
[81, 111]
[81, 110]
[81, 109]
[81, 108]
[81, 107]
[81, 106]
[81, 105]
[81, 104]
[81, 103]
[81, 102]
[81, 101]
[81, 100]
[81, 99]
[81, 98]
[81, 97]
[81, 96]
[81, 95]
[81, 94]
[81, 93]
[81, 92]
[81, 91]
[81, 90]
[81, 89]
[81, 88]
[81, 87]
[81, 86]
[81, 85]
[81, 84]
[81, 83]
[81, 82]
[81, 81]
[81, 80]
[81, 79]
[81, 78]
[81, 77]
[82, 77]
[82, 76]
[82, 75]
[81, 75]
[80, 75]
[79, 75]
[78, 75]
[79, 75]
[78, 75]
[79, 75]
[78, 75]
[77, 75]
[76, 75]
[75, 75]
[74, 75]
[73, 75]
[72, 75]
[71, 75]
[70, 75]
[69, 75]
[68, 75]
[67, 75]
[66, 75]
[65, 75]
[64, 75]
[63, 75]
[62, 75]
[61, 75]
[62, 75]
[61, 75]
[60, 75]
[59, 75]
[58, 75]
[57, 75]
[56, 75]
[55, 75]
[54, 75]
[53, 75]
[52, 75]
[52, 76]
[51, 76]
[51, 75]
[50, 75]
[50, 76]
[49, 76]
[48, 76]
[47, 76]
[46, 76]
[46, 75]
[45, 75]
[44, 75]
[43, 75]
[42, 75]
[41, 75]
[40, 75]
[39, 75]
[39, 74]
[38, 74]
[37, 74]
[36, 74]
[35, 74]
[34, 74]
[33, 74]
[32, 74]
[31, 74]
[30, 74]
[30, 75]
[29, 75]
[28, 75]
[27, 75]
[26, 75]
[25, 75]
[24, 75]
[23, 75]
[22, 75]
[21, 75]
[20, 75]
[19, 75]
[18, 75]
[17, 75]
[16, 75]
[15, 75]
[14, 75]
[15, 75]
[14, 75]
[14, 76]
[13, 76]
[12, 76]
[11, 76]
[12, 76]
[11, 76]
[10, 76]
[9, 76]
[8, 76]
[7, 76]
[6, 76]
[5, 76]
[4, 76]
[3, 76]
[2, 76]
[1, 76]
[1, 76]
[1, 76]
[1, 76]
[1, 76]
[1, 76]
[1, 76]
[2, 76]
[1, 76]
[1, 76]
[1, 76]
[1, 76]
[1, 76]
[1, 76]
[1, 76]
[1, 76]
[2, 76]
[1, 76]
[1, 76]
[1, 76]
[1, 76]
[1, 76]
[1, 76]
[1, 76]
[1, 76]
[1, 77]
[1, 77]
[1, 77]
[1, 77]
[1, 76]
[2, 76]
[1, 76]
[1, 76]
[1, 76]
[1, 76]
[1, 76]
[1, 76]
[1, 76]
[1, 76]
[1, 76]
[1, 76]
[1, 75]
[1, 75]
[1, 75]
[1, 75]
[1, 75]
[1, 75]
[1, 75]
[1, 75]
[1, 75]
[1, 75]
[1, 75]
[1, 75]
[1, 75]
[1, 75]
[1, 75]
[1, 75]
[1, 75]
[1, 75]
[1, 75]
[1, 75]
[1, 75]
[2, 75]
[1, 75]
[1, 75]
[1, 75]
[1, 75]
[1, 75]
[1, 74]
[1, 74]
[1, 74]
[1, 74]
[1, 74]
[1, 74]
[1, 74]
[1, 74]
[1, 74]
[1, 74]
[1, 74]
[1, 74]
[1, 74]
[1, 73]
[1, 73]
[1, 72]
[1, 72]
[1, 72]
[1, 72]
[1, 72]
[1, 72]
[1, 72]
[1, 72]
[1, 72]
[1, 72]
[1, 72]
[2, 72]
[1, 72]
[1, 73]
[1, 73]
[1, 73]
[1, 73]
[1, 73]
[1, 73]
[2, 73]
[1, 73]
[1, 73]
[1, 73]
[1, 73]
[1, 73]
[1, 72]
[1, 72]
[1, 72]
[1, 72]
[1, 72]
[1, 72]
[1, 72]
[1, 72]
[1, 72]
[1, 72]
[1, 72]
[1, 72]
[1, 72]
[1, 72]
[1, 72]
[1, 72]
[1, 72]
[1, 72]
[1, 72]
[1, 72]
[1, 72]
[1, 72]
[1, 72]
[1, 72]
[1, 72]
[1, 72]
[1, 72]
[1, 72]
[1, 72]
[1, 72]
[1, 72]
[1, 72]
[1, 72]
[1, 71]
[1, 71]
[1, 71]
[1, 71]
[1, 71]
[1, 71]
[2, 71]
[1, 71]
[1, 71]
[1, 71]
[1, 71]
[1, 71]
[1, 71]
[1, 71]
[1, 71]
[1, 71]
[1, 71]
[1, 71]
[1, 71]
[1, 71]
[1, 71]
[1, 72]
[1, 72]
[1, 72]
[1, 72]
[1, 72]
[1, 72]
[1, 72]
[1, 72]
[1, 72]
[1, 72]
[1, 72]
[1, 72]
[2, 72]
[1, 72]
[1, 72]
[1, 72]
[1, 72]
[1, 72]
[1, 72]
[1, 71]
[1, 71]
[1, 71]
[1, 71]
[1, 71]
[1, 71]
[1, 71]
[1, 71]
[1, 71]
[1, 71]
[1, 70]
[1, 70]
[1, 70]
[1, 70]
[1, 70]
[1, 70]
[1, 70]
[1, 70]
[1, 69]
[1, 69]
[1, 69]
[1, 69]
[1, 69]
[1, 69]
[1, 69]
[1, 69]
[1, 69]
[1, 69]
[1, 69]
[1, 69]
[1, 69]
[1, 69]
[1, 68]
[1, 68]
[1, 68]
[1, 68]
[1, 68]
[1, 68]
[1, 68]
[1, 68]
[1, 68]
[1, 68]
[1, 68]
[1, 68]
[1, 68]
[1, 68]
[1, 68]
[1, 68]
[1, 68]
[2, 68]
[3, 68]
[2, 68]
[1, 68]
[1, 68]
[1, 68]
[1, 67]
[1, 67]
[1, 67]
[1, 67]
[1, 67]
[1, 67]
[1, 67]
[1, 66]
[1, 66]
[1, 66]
[1, 66]
[1, 66]
[1, 67]
[1, 67]
[1, 67]
[1, 67]
[1, 67]
[2, 67]
[1, 67]
[1, 67]
[1, 67]
[1, 67]
[1, 67]
[1, 67]
[1, 67]
[1, 67]
[1, 67]
[1, 67]
[1, 67]
[1, 67]
[1, 67]
[1, 67]
[1, 67]
[1, 67]
[1, 67]
[1, 67]
[1, 67]
[1, 67]
[1, 67]
[1, 67]
[1, 67]
[1, 67]
[1, 67]
[1, 67]
[1, 67]
[1, 67]
[1, 67]
[1, 67]
[1, 68]
[1, 68]
[1, 68]
[1, 68]
[1, 68]
[1, 68]
[1, 67]
[1, 67]
[1, 67]
[1, 66]
[1, 66]
[1, 66]
[1, 66]
[1, 66]
[1, 66]
[1, 66]
[1, 66]
[1, 66]
[1, 66]
[1, 66]
[1, 66]
[1, 66]
[1, 66]
[1, 66]
[1, 66]
[1, 66]
[1, 66]
[1, 66]
[1, 66]
[1, 66]
[1, 66]
[1, 66]
[1, 66]
[1, 66]
[1, 66]
[1, 66]
[1, 66]
[1, 66]
[1, 66]
[1, 67]
[1, 67]
[1, 67]
[1, 67]
[1, 67]
[1, 68]
[1, 68]
[1, 68]
[1, 68]
[1, 68]
[1, 68]
[1, 68]
[1, 68]
[1, 68]
[1, 68]
[1, 68]
[1, 68]
[1, 68]
[1, 68]
[1, 68]
[1, 68]
[1, 68]
[1, 68]
[1, 68]
[1, 68]
[1, 68]
[1, 68]
[1, 68]
[1, 68]
[1, 68]
[1, 67]
[1, 67]
[1, 67]
[1, 67]
[1, 67]
[1, 67]
[1, 67]
[1, 67]
[1, 68]
[1, 68]
[1, 68]
[1, 68]
[1, 68]
[1, 68]
[1, 68]
[1, 68]
[1, 68]
[1, 68]
[1, 68]
[2, 68]
[1, 68]
[1, 68]
[1, 68]
[1, 68]
[2, 68]
[1, 68]
[1, 68]
[1, 68]
[1, 68]
[1, 67]
[1, 67]
[1, 67]
[1, 67]
[1, 67]
[1, 67]
[1, 67]
[1, 67]
[1, 67]
[1, 67]
[1, 67]
[1, 67]
[1, 67]
[1, 67]
[1, 67]
[2, 67]
[1, 67]
[1, 67]
[1, 67]
[1, 67]
[1, 67]
[1, 67]
[1, 67]
[1, 67]
[1, 67]
[1, 67]
[1, 67]
[1, 67]
[1, 67]
[1, 67]
[1, 67]
[1, 67]
[1, 67]
[1, 67]
[1, 67]
[1, 67]
[1, 67]
[1, 67]
[1, 67]
[2, 67]
[1, 67]
[1, 67]
[1, 67]
[1, 67]
[1, 67]
[1, 67]
[1, 67]
[1, 67]
[1, 67]
[1, 67]
[1, 67]
[1, 67]
[1, 67]
[1, 67]
[1, 67]
[1, 67]
[1, 67]
[1, 67]
[1, 67]
[1, 67]
[1, 67]
[1, 67]
[1, 67]
[1, 67]
[1, 67]
[1, 67]
[1, 67]
[1, 67]
[1, 67]
[1, 67]
[1, 67]
[1, 67]
[1, 67]
[1, 67]
[1, 67]
[1, 67]
[1, 67]
[1, 67]
[1, 67]
[1, 67]
[1, 67]
[1, 67]
[1, 67]
[1, 67]
[1, 67]
[1, 67]
[1, 67]
[1, 67]
[1, 67]
[1, 67]
[1, 67]
[1, 67]
[1, 67]
[1, 67]
[1, 67]
[1, 67]
[2, 67]
[1, 67]
[1, 67]
[1, 67]
[1, 67]
[1, 67]
[1, 67]
[1, 67]
[1, 67]
[1, 67]
[1, 67]
[1, 67]
[1, 67]
[1, 67]
[1, 67]
[1, 68]
[1, 68]
[1, 68]
[1, 68]
[1, 68]
[1, 68]
[1, 68]
[1, 68]
[1, 68]
[1, 68]
[2, 68]
[1, 68]
[1, 68]
[1, 68]
[1, 68]
[1, 68]
[1, 68]
[1, 68]
[1, 68]
[1, 68]
[1, 68]
[2, 68]
[2, 67]
[1, 67]
[1, 67]
[1, 67]
[1, 67]
[1, 67]
[1, 67]
[1, 67]
[1, 67]
[1, 67]
[1, 67]
[1, 67]
[1, 67]
[1, 67]
[1, 67]
[1, 67]
[1, 67]
[1, 67]
[1, 67]
[1, 67]
[1, 67]
[1, 67]
[1, 67]
[1, 67]
[1, 67]
[1, 67]
[1, 67]
[1, 67]
[1, 67]
[1, 67]
[1, 67]
[1, 67]
[1, 67]
[1, 67]
[1, 67]
[1, 67]
[1, 67]
[1, 67]
[1, 67]
[1, 67]
[1, 67]
[1, 67]
[1, 67]
[2, 67]
[1, 67]
[1, 67]
[1, 67]
[1, 67]
[1, 68]
[1, 68]
[1, 67]
[1, 67]
[1, 67]
[1, 67]
[1, 67]
[1, 67]
[1, 67]
[1, 67]
[1, 67]
[1, 67]
[1, 66]
[1, 66]
[2, 66]
[1, 66]
[1, 66]
[1, 66]
[1, 66]
[1, 66]
[1, 66]
[1, 66]
[1, 67]
[1, 67]
[1, 67]
[1, 67]
[1, 67]
[1, 67]
[1, 67]
[1, 67]
[1, 67]
[1, 67]
[1, 67]
[1, 67]
[1, 67]
[1, 67]
[1, 67]
[1, 67]
[1, 67]
[1, 67]
[1, 67]
[1, 67]
[1, 67]
[1, 67]
[1, 67]
[1, 67]
[1, 67]
[1, 67]
[1, 67]
[1, 67]
[1, 67]
[1, 67]
[1, 67]
[1, 67]
[1, 67]
[1, 67]
[1, 67]
[1, 67]
[1, 66]
[1, 66]
[1, 66]
[1, 66]
[1, 66]
[2, 66]
[1, 66]
[1, 66]
[1, 66]
[1, 66]
[1, 66]
[1, 66]
[1, 66]
[1, 67]
[1, 67]
[1, 66]
[1, 66]
[1, 66]
[1, 66]
[1, 66]
[1, 66]
[1, 66]
[1, 66]
[1, 66]
[1, 66]
[1, 66]
[1, 66]
[1, 66]
[1, 66]
[1, 66]
[1, 66]
[1, 65]
[1, 65]
[1, 65]
[1, 65]
[1, 65]
[1, 65]
[1, 65]
[1, 65]
[1, 65]
[1, 65]
[1, 65]
[1, 65]
[1, 65]
[1, 65]
[1, 66]
[1, 66]
[2, 66]
[1, 66]
[1, 66]
[1, 66]
[1, 66]
[1, 66]
[1, 66]
[1, 66]
[1, 66]
[1, 66]
[1, 66]
[1, 66]
[1, 66]
[1, 66]
[1, 66]
[1, 66]
[1, 66]
[1, 66]
[1, 66]
[1, 66]
[1, 66]
[1, 66]
[1, 66]
[1, 66]
[1, 66]
[1, 66]
[1, 66]
[1, 66]
[1, 66]
[1, 66]
[1, 66]
[1, 66]
[1, 66]
[1, 66]
[1, 66]
[1, 66]
[1, 66]
[1, 66]
[1, 66]
[1, 66]
[1, 66]
[1, 66]
[1, 66]
[1, 66]
[1, 66]
[1, 66]
[1, 66]
[1, 66]
[1, 66]
[1, 66]
[1, 66]
[1, 66]
[1, 66]
[1, 66]
[1, 66]
[1, 66]
[1, 66]
[1, 66]
[1, 66]
[2, 66]
[1, 66]
[1, 66]
[1, 66]
[1, 66]
[1, 66]
[1, 66]
[1, 66]
[1, 66]
[1, 66]
[1, 66]
[1, 66]
[1, 67]
[1, 67]
[1, 67]
[1, 67]
[1, 67]
[1, 67]
[1, 67]
[1, 67]
[1, 67]
[1, 67]
[1, 67]
[1, 67]
[1, 67]
[1, 67]
[1, 67]
[1, 67]
[1, 67]
[1, 67]
[1, 67]
[2, 67]
[1, 67]
[1, 67]
[1, 67]
[1, 67]
[1, 67]
[1, 67]
[1, 67]
[1, 67]
[1, 67]
[1, 67]
[1, 67]
[1, 67]
[1, 67]
[1, 67]
[1, 67]
[1, 67]
[1, 67]
[1, 67]
[1, 67]
[1, 67]
[1, 67]
[1, 67]
[1, 67]
[1, 67]
[1, 67]
[1, 67]
[1, 67]
[1, 67]
[1, 67]
[1, 67]
[1, 67]
[1, 67]
[1, 67]
[1, 67]
[1, 67]
[1, 67]
[1, 68]
[1, 68]
[1, 68]
[1, 68]
[1, 68]
[1, 68]
[1, 68]
[1, 67]
[1, 67]
[1, 67]
[1, 67]
[1, 67]
[1, 67]
[2, 67]
[1, 67]
[1, 67]
[2, 67]
[1, 67]
[1, 67]
[1, 67]
[1, 67]
[1, 67]
[1, 67]
[1, 67]
[1, 67]
[1, 67]
[1, 67]
[1, 67]
[1, 67]
[1, 67]
[1, 67]
[1, 67]
[1, 67]
[1, 67]
[1, 67]
[1, 67]
[1, 67]
[1, 67]
[1, 67]
[1, 67]
[1, 67]
[1, 67]
[2, 67]
[1, 67]
[1, 67]
[1, 67]
[1, 67]
[1, 67]
[1, 67]
[1, 67]
[1, 67]
[1, 67]
[1, 67]
[1, 67]
[1, 67]
[1, 67]
[1, 67]
[1, 67]
[1, 67]
[1, 67]
[1, 67]
[1, 67]
[1, 67]
[1, 67]
[1, 67]
[1, 67]
[1, 67]
[1, 67]
[1, 66]
[1, 66]
[1, 66]
[1, 66]
[1, 66]
[1, 66]
[1, 66]
[1, 66]
[1, 66]
[1, 66]
[1, 66]
[1, 66]
[1, 66]
[1, 66]
[1, 66]
[1, 66]
[1, 66]
[1, 66]
[1, 66]
[1, 66]
[1, 66]
[1, 66]
[1, 66]
[1, 66]
[1, 66]
[1, 66]
[1, 66]
[1, 66]
[1, 66]
[1, 66]
[1, 66]
[2, 66]
[1, 66]
[1, 66]
[1, 66]
[1, 66]
[1, 66]
[1, 66]
[1, 66]
[1, 66]
[1, 65]
[1, 65]
[1, 65]
[2, 65]
[1, 65]
[1, 65]
[1, 65]
[1, 65]
[1, 65]
[1, 65]
[1, 65]
[1, 65]
[1, 65]
[1, 65]
[2, 65]
[1, 65]
[1, 65]
[1, 65]
[1, 65]
[1, 65]
[1, 65]
[1, 65]
[1, 65]
[1, 65]
[1, 65]
[1, 65]
[1, 65]
[1, 65]
[1, 65]
[1, 65]
[1, 65]
[1, 65]
[1, 65]
[1, 65]
[1, 65]
[1, 65]
[2, 65]
[1, 65]
[1, 65]
[1, 64]
[1, 64]
[1, 64]
[1, 64]
[1, 64]
[1, 64]
[1, 64]
[1, 64]
[2, 64]
[1, 64]
[1, 64]
[1, 64]
[1, 64]
[1, 63]
[1, 63]
[1, 63]
[1, 63]
[1, 63]
[1, 63]
[1, 63]
[1, 63]
[1, 63]
[1, 63]
[1, 63]
[1, 63]
[2, 63]
[1, 63]
[1, 63]
[1, 63]
[1, 62]
[1, 62]
[1, 62]
[1, 62]
[1, 62]
[1, 62]
[1, 62]
[1, 62]
[1, 62]
[1, 62]
[1, 62]
[1, 62]
[1, 62]
[1, 62]
[1, 62]
[1, 62]
[1, 62]
[1, 62]
[2, 62]
[2, 61]
[1, 61]
[1, 61]
[1, 61]
[1, 61]
[1, 61]
[1, 61]
[1, 61]
[1, 61]
[1, 61]
[1, 61]
[1, 61]
[1, 61]
[1, 60]
[1, 60]
[1, 60]
[1, 60]
[1, 60]
[1, 60]
[1, 60]
[1, 60]
[1, 59]
[1, 59]
[2, 59]
[1, 59]
[1, 59]
[1, 59]
[1, 59]
[1, 59]
[1, 59]
[1, 59]
[1, 59]
[1, 59]
[1, 59]
[1, 59]
[1, 59]
[1, 59]
[1, 58]
[1, 58]
[1, 58]
[1, 58]
[1, 58]
[1, 58]
[1, 58]
[1, 58]
[1, 58]
[1, 58]
[1, 58]
[1, 58]
[1, 58]
[1, 58]
[1, 58]
[1, 58]
[1, 58]
[1, 58]
[1, 58]
[1, 58]
[1, 58]
[1, 58]
[1, 58]
[1, 58]
[1, 58]
[1, 58]
[1, 58]
[1, 58]
[1, 58]
[1, 58]
[1, 58]
[1, 58]
[1, 58]
[1, 58]
[1, 58]
[1, 58]
[1, 58]
[1, 58]
[1, 58]
[1, 58]
[1, 58]
[1, 59]
[1, 59]
[1, 59]
[1, 58]
[1, 58]
[1, 58]
[1, 58]
[1, 58]
[1, 58]
[1, 58]
[1, 58]
[1, 58]
[1, 58]
[1, 58]
[1, 58]
[1, 58]
[1, 58]
[1, 58]
[1, 58]
[1, 58]
[1, 58]
[1, 58]
[1, 58]
[1, 58]
[1, 58]
[2, 58]
[1, 58]
[1, 58]
[1, 58]
[1, 58]
[1, 58]
[1, 58]
[1, 58]
[1, 58]
[1, 58]
[1, 58]
[1, 58]
[1, 58]
[1, 58]
[1, 58]
[1, 58]
[1, 58]
[1, 58]
[1, 58]
[1, 58]
[1, 58]
[1, 58]
[1, 58]
[1, 58]
[1, 57]
[1, 57]
[1, 58]
[1, 58]
[1, 58]
[1, 58]
[1, 58]
[1, 58]
[1, 58]
[1, 58]
[1, 58]
[1, 58]
[1, 58]
[1, 58]
[1, 58]
[1, 58]
[1, 58]
[1, 58]
[1, 58]
[1, 58]
[1, 58]
[1, 58]
[1, 58]
[1, 58]
[1, 58]
[1, 58]
[1, 58]
[1, 58]
[1, 58]
[1, 58]
[1, 58]
[1, 58]
[1, 57]
[1, 57]
[1, 57]
[1, 57]
[1, 57]
[1, 57]
[1, 57]
[1, 57]
[1, 57]
[1, 57]
[1, 57]
[1, 57]
[1, 57]
[1, 57]
[1, 57]
[1, 57]
[1, 57]
[1, 57]
[1, 57]
[1, 57]
[1, 57]
[1, 57]
[1, 57]
[1, 57]
[1, 57]
[1, 57]
[1, 57]
[2, 57]
[2, 56]
[1, 56]
[1, 56]
[1, 56]
[1, 56]
[1, 56]
[1, 56]
[1, 56]
[1, 56]
[1, 56]
[1, 56]
[1, 56]
[1, 56]
[1, 57]
[1, 57]
[1, 57]
[1, 57]
[1, 57]
[1, 57]
[2, 57]
[1, 57]
[1, 57]
[1, 57]
[1, 57]
[1, 57]
[1, 57]
[1, 57]
[1, 57]
[1, 57]
[1, 57]
[1, 57]
[1, 57]
[1, 57]
[1, 57]
[1, 57]
[1, 56]
[1, 56]
[1, 56]
[1, 56]
[1, 56]
[1, 56]
[1, 56]
[1, 56]
[1, 56]
[1, 56]
[1, 56]
[1, 56]
[1, 56]
[1, 56]
[1, 56]
[1, 55]
[1, 55]
[2, 55]
[1, 55]
[1, 55]
[1, 55]
[1, 55]
[1, 55]
[1, 55]
[1, 55]
[1, 55]
[1, 55]
[1, 55]
[1, 55]
[1, 55]
[1, 55]
[1, 55]
[1, 55]
[1, 55]
[1, 55]
[1, 55]
[1, 55]
[1, 55]
[1, 55]
[1, 55]
[1, 55]
[2, 55]
[1, 55]
[2, 55]
[1, 55]
[1, 55]
[1, 55]
[1, 55]
[1, 55]
[1, 55]
[1, 55]
[1, 55]
[1, 55]
[1, 55]
[1, 55]
[1, 55]
[1, 55]
[1, 55]
[1, 55]
[1, 56]
[1, 56]
[1, 56]
[1, 56]
[1, 55]
[1, 55]
[1, 56]
[1, 56]
[1, 56]
[1, 56]
[1, 56]
[1, 56]
[1, 56]
[1, 56]
[1, 56]
[1, 56]
[1, 56]
[1, 56]
[1, 56]
[1, 56]
[1, 56]
[1, 56]
[1, 56]
[1, 56]
[1, 56]
[1, 56]
[1, 56]
[2, 56]
[1, 56]
[1, 56]
[1, 56]
[1, 56]
[1, 56]
[1, 56]
[1, 56]
[1, 56]
[1, 56]
[1, 56]
[1, 56]
[1, 56]
[1, 56]
[1, 56]
[1, 56]
[1, 56]
[1, 56]
[1, 56]
[1, 56]
[1, 56]
[1, 56]
[1, 55]
[2, 55]
[1, 55]
[1, 55]
[1, 55]
[1, 55]
[1, 55]
[1, 55]
[1, 55]
[1, 55]
[1, 55]
[1, 55]
[1, 55]
[1, 55]
[1, 55]
[1, 55]
[1, 55]
[1, 55]
[1, 55]
[1, 55]
[1, 55]
[1, 55]
[1, 55]
[1, 55]
[1, 55]
[1, 55]
[1, 56]
[1, 56]
[1, 57]
[2, 57]
[1, 57]
[1, 57]
[1, 57]
[1, 57]
[1, 57]
[1, 57]
[1, 57]
[1, 58]
[1, 58]
[1, 58]
[1, 58]
[1, 57]
[1, 57]
[1, 57]
[1, 57]
[1, 57]
[1, 57]
[1, 57]
[1, 57]
[1, 56]
[1, 56]
[1, 56]
[1, 56]
[1, 56]
[1, 55]
[1, 55]
[1, 55]
[1, 55]
[1, 55]
[1, 55]
[1, 55]
[1, 55]
[1, 55]
[1, 55]
[1, 55]
[1, 54]
[1, 54]
[1, 54]
[1, 54]
[1, 54]
[1, 54]
[1, 54]
[1, 54]
[1, 54]
[1, 54]
[1, 54]
[1, 54]
[1, 54]
[2, 54]
[1, 54]
[1, 54]
[1, 54]
[1, 54]
[1, 54]
[1, 54]
[1, 54]
[1, 54]
[1, 54]
[1, 54]
[1, 54]
[2, 54]
[1, 54]
[1, 54]
[1, 54]
[1, 54]
[1, 54]
[1, 54]
[1, 54]
[1, 54]
[1, 54]
[1, 54]
[1, 54]
[1, 54]
[1, 54]
[1, 54]
[1, 54]
[1, 54]
[1, 54]
[1, 54]
[1, 54]
[1, 54]
[1, 54]
[1, 54]
[1, 54]
[1, 54]
[1, 54]
[1, 54]
[1, 54]
[1, 54]
[1, 54]
[1, 54]
[1, 54]
[1, 54]
[1, 54]
[1, 54]
[1, 54]
[1, 54]
[1, 54]
[1, 54]
[1, 54]
[1, 54]
[1, 54]
[1, 54]
[1, 54]
[1, 54]
[1, 54]
[1, 54]
[1, 54]
[1, 54]
[1, 54]
[1, 54]
[1, 54]
[1, 54]
[1, 54]
[1, 54]
[1, 54]
[1, 54]
[2, 54]
[3, 54]
[4, 54]
[5, 54]
[6, 54]
[7, 54]
[8, 54]
[9, 54]
[10, 54]
[11, 54]
[12, 54]
[13, 54]
[14, 54]
[15, 54]
[16, 54]
[17, 54]
[18, 54]
[19, 54]
[20, 54]
[21, 54]
[20, 54]
[19, 54]
[18, 54]
[17, 54]
[16, 54]
[15, 54]
[14, 54]
[13, 54]
[13, 55]
[12, 55]
[11, 55]
[10, 55]
[9, 55]
[8, 55]
[7, 55]
[6, 55]
[5, 55]
[4, 55]
[3, 55]
[2, 55]
[1, 55]
[1, 55]
[1, 55]
[1, 55]
[2, 55]
[1, 55]
[1, 55]
[1, 55]
[1, 55]
[1, 55]
[1, 55]
[1, 54]
[1, 54]
[1, 54]
[1, 54]
[1, 54]
[1, 55]
[1, 55]
[1, 55]
[1, 55]
[1, 55]
[1, 55]
[1, 55]
[1, 55]
[1, 55]
[1, 55]
[1, 55]
[1, 55]
[1, 55]
[1, 55]
[1, 54]
[1, 54]
[1, 54]
[1, 54]
[1, 54]
[1, 54]
[1, 54]
[1, 54]
[1, 54]
[1, 54]
[1, 53]
[2, 53]
[2, 52]
[2, 51]
[2, 50]
[2, 49]
[2, 48]
[2, 47]
[2, 46]
[2, 45]
[2, 44]
[2, 43]
[2, 42]
[2, 41]
[2, 40]
[3, 40]
[4, 40]
[5, 40]
[6, 40]
[7, 40]
[8, 40]
[8, 39]
[9, 39]
[10, 39]
[11, 39]
[12, 39]
[13, 39]
[12, 39]
[12, 38]
[13, 38]
[14, 38]
[15, 38]
[16, 38]
[17, 38]
[18, 38]
[19, 38]
[18, 38]
[19, 38]
[20, 38]
[21, 38]
[22, 38]
[23, 38]
[24, 38]
[25, 38]
[26, 38]
[27, 38]
[28, 38]
[29, 38]
[30, 38]
[31, 38]
[32, 38]
[33, 38]
[34, 38]
[35, 38]
[35, 37]
[36, 37]
[37, 37]
[38, 37]
[39, 37]
[40, 37]
[41, 37]
[42, 37]
[43, 37]
[44, 37]
[45, 37]
[46, 37]
[47, 37]
[48, 37]
[49, 37]
[50, 37]
[51, 37]
[52, 37]
[53, 37]
[53, 36]
[54, 36]
[55, 36]
[56, 36]
[57, 36]
[56, 36]
[57, 36]
[58, 36]
[59, 36]
[60, 36]
[61, 36]
[62, 36]
[63, 36]
[64, 36]
[65, 36]
[66, 36]
[67, 36]
[68, 36]
[69, 36]
[70, 36]
[71, 36]
[72, 36]
[73, 36]
[74, 36]
[75, 36]
[76, 36]
[77, 36]
[78, 36]
[79, 36]
[80, 36]
[81, 36]
[82, 36]
[83, 36]
[84, 36]
[85, 36]
[85, 35]
[85, 34]
[86, 34]
[87, 34]
[88, 34]
[89, 34]
[90, 34]
[91, 34]
[92, 34]
[93, 34]
[94, 34]
[95, 34]
[96, 34]
[97, 34]
[98, 34]
[99, 34]
[100, 34]
[101, 34]
[102, 34]
[103, 34]
[104, 34]
[105, 34]
[106, 34]
[107, 34]
[108, 34]
[109, 34]
[110, 34]
[111, 34]
[112, 34]
[113, 34]
[114, 34]
[115, 34]
[116, 34]
[117, 34]
[118, 34]
[119, 34]
[120, 34]
[120, 33]
[121, 33]
[122, 33]
[123, 33]
[124, 33]
[125, 33]
[126, 33]
[127, 33]
[128, 33]
[129, 33]
[130, 33]
[131, 33]
[132, 33]
[133, 33]
[134, 33]
[135, 33]
[136, 33]
[137, 33]
[138, 33]
[139, 33]
[140, 33]
[141, 33]
[141, 32]
[141, 31]
[142, 31]
[143, 31]
[144, 31]
[145, 31]
[146, 31]
[147, 31]
[148, 31]
[149, 31]
[150, 31]
[151, 31]
[152, 31]
[153, 31]
[154, 31]
[155, 31]
[156, 31]
[157, 31]
[158, 31]
[159, 31]
[160, 31]
[161, 31]
[162, 31]
[163, 31]
[164, 31]
[165, 31]
[166, 31]
[167, 31]
[168, 31]
[169, 31]
[170, 31]
[171, 31]
[172, 31]
[173, 31]
[174, 31]
[175, 31]
[176, 31]
[177, 31]
[178, 31]
[179, 31]
[179, 30]
[180, 30]
[181, 30]
[182, 30]
[183, 30]
[184, 30]
[185, 30]
[186, 30]
[187, 30]
[188, 30]
[189, 30]
[190, 30]
[189, 30]
[190, 30]
[190, 29]
[191, 29]
[192, 29]
[193, 29]
[194, 29]
[195, 29]
[194, 29]
[195, 29]
[196, 29]
[195, 29]
[196, 29]
[197, 29]
[197, 30]
[197, 29]
[198, 29]
[199, 29]
[200, 29]
[201, 29]
[202, 29]
[203, 29]
[204, 29]
[205, 29]
[206, 29]
[207, 29]
[208, 29]
[209, 29]
[210, 29]
[211, 29]
[212, 29]
[213, 29]
[214, 29]
[215, 29]
[216, 29]
[217, 29]
[218, 29]
[219, 29]
[220, 29]
[221, 29]
[222, 29]
[222, 30]
[223, 30]
[223, 31]
[224, 31]
[225, 31]
[226, 31]
[227, 31]
[228, 31]
[229, 31]
[230, 31]
[231, 31]
[232, 31]
[233, 31]
[233, 32]
[234, 32]
[235, 32]
[235, 33]
[236, 33]
[237, 33]
[238, 33]
[239, 33]
[240, 33]
[241, 33]
[242, 33]
[243, 33]
[244, 33]
[245, 33]
[246, 33]
[247, 33]
[248, 33]
[249, 33]
[250, 33]
[251, 33]
[252, 33]
[251, 33]
[252, 33]
[253, 33]
[254, 33]
[255, 33]
[256, 33]
[256, 34]
[257, 34]
[258, 34]
[259, 34]
[260, 34]
[261, 34]
[262, 34]
[263, 34]
[264, 34]
[265, 34]
[266, 34]
[267, 34]
[268, 34]
[269, 34]
[270, 34]
[271, 34]
[272, 34]
[273, 34]
[274, 34]
[275, 34]
[276, 34]
[276, 35]
[277, 35]
[278, 35]
[279, 35]
[280, 35]
[281, 35]
[282, 35]
[283, 35]
[284, 35]
[285, 35]
[286, 35]
[287, 35]
[288, 35]
[289, 35]
[290, 35]
[291, 35]
[292, 35]
[293, 35]
[294, 35]
[295, 35]
[296, 35]
[297, 35]
[298, 35]
[299, 35]
