[100, 21]
[100, 22]
[100, 21]
[101, 21]
[101, 22]
[101, 23]
[101, 24]
[101, 25]
[101, 26]
[101, 27]
[101, 28]
[101, 29]
[101, 30]
[101, 31]
[101, 32]
[101, 33]
[101, 34]
[101, 35]
[101, 36]
[101, 37]
[101, 38]
[101, 39]
[101, 40]
[101, 41]
[101, 42]
[101, 43]
[101, 44]
[101, 45]
[101, 46]
[101, 47]
[101, 48]
[101, 49]
[101, 50]
[101, 51]
[101, 52]
[101, 53]
[101, 54]
[101, 55]
[101, 56]
[101, 57]
[101, 58]
[101, 59]
[101, 60]
[102, 60]
[102, 61]
[102, 62]
[102, 63]
[102, 64]
[102, 65]
[102, 66]
[102, 67]
[102, 68]
[102, 69]
[102, 70]
[102, 71]
[102, 72]
[102, 73]
[102, 74]
[102, 75]
[102, 76]
[103, 76]
[103, 77]
[103, 78]
[103, 79]
[103, 80]
[103, 81]
[103, 82]
[103, 83]
[103, 84]
[103, 85]
[103, 86]
[102, 86]
[102, 87]
[102, 88]
[102, 89]
[102, 90]
[102, 89]
[102, 90]
[102, 91]
[102, 92]
[102, 91]
[102, 92]
[102, 93]
[102, 94]
[102, 95]
[102, 96]
[102, 97]
[102, 98]
[102, 99]
[102, 100]
[102, 101]
[102, 102]
[102, 103]
[102, 104]
[103, 104]
[103, 105]
[103, 106]
[103, 107]
[103, 108]
[103, 109]
[103, 110]
[103, 111]
[103, 112]
[103, 113]
[103, 114]
[103, 115]
[103, 116]
[103, 117]
[103, 118]
[103, 119]
[104, 119]
[105, 119]
[106, 119]
[107, 119]
[108, 119]
[108, 120]
[108, 121]
[108, 122]
[107, 122]
[108, 122]
[109, 122]
[110, 122]
[111, 122]
[112, 122]
[113, 122]
[114, 122]
[115, 122]
[114, 122]
[115, 122]
[116, 122]
[116, 123]
[116, 124]
[116, 125]
[116, 126]
[116, 127]
[116, 128]
[116, 129]
[116, 130]
[116, 131]
[116, 132]
[116, 133]
[116, 134]
[116, 135]
[116, 136]
[116, 137]
[116, 138]
[116, 139]
[116, 140]
[116, 141]
[116, 142]
[116, 143]
[116, 144]
[116, 145]
[116, 146]
[116, 147]
[116, 148]
[116, 149]
[116, 150]
[116, 151]
[116, 152]
[116, 151]
[116, 152]
[116, 153]
[116, 154]
[116, 155]
[116, 156]
[116, 157]
[116, 158]
[116, 159]
[116, 160]
[116, 161]
[116, 162]
[116, 163]
[116, 164]
[116, 165]
[116, 166]
[116, 167]
[116, 166]
[116, 167]
[116, 168]
[116, 169]
[116, 170]
[116, 171]
[116, 172]
[116, 173]
[116, 174]
[116, 175]
[116, 176]
[116, 177]
[116, 178]
[116, 179]
[116, 180]
[116, 181]
[116, 182]
[116, 183]
[116, 184]
[116, 185]
[116, 186]
[116, 187]
[116, 188]
[116, 189]
[116, 190]
[116, 191]
[116, 192]
[116, 193]
[116, 194]
[116, 195]
[117, 195]
[117, 196]
[117, 197]
[117, 198]
[117, 199]
[117, 200]
[116, 200]
[117, 200]
[117, 201]
[117, 202]
[117, 203]
[117, 204]
[117, 205]
[117, 204]
[117, 205]
[117, 206]
[117, 207]
[117, 208]
[117, 209]
[117, 210]
[117, 211]
[117, 212]
[117, 213]
[117, 214]
[117, 215]
[117, 216]
[117, 217]
[117, 218]
[117, 219]
[117, 220]
[117, 221]
[117, 222]
[117, 223]
[117, 224]
[117, 225]
[117, 226]
[117, 227]
[117, 228]
[117, 229]
[117, 230]
[117, 231]
[117, 232]
[117, 233]
[117, 234]
[117, 235]
[117, 236]
[117, 237]
[117, 238]
[117, 239]
[117, 240]
[117, 241]
[117, 242]
[117, 243]
[117, 244]
[117, 245]
[117, 246]
[117, 247]
[117, 248]
[117, 249]
[117, 250]
[117, 251]
[117, 252]
[117, 253]
[117, 254]
[117, 255]
[117, 256]
[117, 257]
[117, 258]
[118, 258]
[119, 258]
[118, 258]
[119, 258]
[120, 258]
[121, 258]
[122, 258]
[123, 258]
[124, 258]
[125, 258]
[125, 259]
[125, 260]
[125, 261]
[125, 262]
[125, 263]
[125, 264]
[125, 265]
[125, 266]
[125, 267]
[125, 268]
[126, 268]
[125, 268]
[125, 269]
[125, 270]
[125, 271]
[125, 272]
[125, 273]
[125, 274]
[125, 275]
[125, 276]
[125, 277]
[125, 278]
[125, 279]
[125, 280]
[125, 281]
[126, 281]
[127, 281]
[128, 281]
[128, 282]
[129, 282]
[130, 282]
[131, 282]
[132, 282]
[133, 282]
[134, 282]
[135, 282]
[136, 282]
[137, 282]
[138, 282]
[139, 282]
[140, 282]
[141, 282]
[142, 282]
[143, 282]
[144, 282]
[145, 282]
[146, 282]
[147, 282]
[148, 282]
[149, 282]
[149, 281]
[149, 280]
[149, 279]
[149, 278]
[149, 277]
[150, 277]
[151, 277]
[152, 277]
[153, 277]
[154, 277]
[155, 277]
[155, 278]
[156, 278]
[157, 278]
[158, 278]
[158, 279]
[159, 279]
[160, 279]
[161, 279]
[162, 279]
[162, 280]
[163, 280]
[164, 280]
[165, 280]
[165, 279]
[165, 278]
[165, 277]
[166, 277]
[166, 276]
[166, 275]
[167, 275]
[168, 275]
[169, 275]
[170, 275]
[171, 275]
[171, 276]
[171, 277]
[171, 278]
[171, 279]
[171, 280]
[171, 279]
[171, 278]
[171, 277]
[171, 276]
[171, 275]
[171, 276]
[171, 277]
[171, 278]
[171, 279]
[171, 280]
[172, 280]
[173, 280]
[174, 280]
[175, 280]
[176, 280]
[176, 279]
[176, 278]
[176, 277]
[176, 276]
[176, 275]
[176, 276]
[176, 277]
[176, 278]
[176, 279]
[176, 280]
[176, 281]
[176, 282]
[176, 283]
[176, 284]
[177, 284]
[177, 285]
[177, 286]
[177, 287]
[177, 288]
[177, 289]
[177, 290]
[177, 291]
[177, 292]
[177, 293]
[177, 294]
[178, 294]
[179, 294]
[178, 294]
[179, 294]
[180, 294]
[180, 295]
[180, 296]
[180, 297]
[180, 298]
[179, 298]
[179, 299]
