[100, 4]
[100, 5]
[100, 6]
[100, 7]
[100, 8]
[100, 9]
[100, 10]
[100, 11]
[100, 12]
[100, 13]
[100, 14]
[100, 15]
[100, 16]
[100, 17]
[100, 18]
[100, 19]
[101, 19]
[101, 20]
[101, 21]
[101, 22]
[101, 23]
[101, 24]
[101, 25]
[101, 26]
[101, 27]
[101, 28]
[101, 29]
[101, 30]
[100, 30]
[101, 30]
[101, 31]
[100, 31]
[100, 32]
[100, 33]
[100, 34]
[100, 35]
[100, 36]
[100, 37]
[100, 38]
[100, 39]
[100, 40]
[100, 41]
[100, 42]
[100, 43]
[100, 44]
[100, 45]
[100, 46]
[100, 47]
[100, 48]
[100, 49]
[100, 48]
[100, 49]
[100, 50]
[100, 51]
[100, 52]
[100, 53]
[100, 54]
[99, 54]
[99, 55]
[99, 56]
[99, 57]
[99, 58]
[99, 59]
[99, 60]
[99, 61]
[99, 62]
[99, 63]
[99, 64]
[100, 64]
[100, 65]
[100, 66]
[100, 67]
[100, 68]
[100, 69]
[100, 70]
[100, 71]
[100, 72]
[100, 73]
[100, 74]
[100, 75]
[100, 76]
[100, 77]
[100, 78]
[100, 79]
[100, 80]
[100, 81]
[100, 82]
[100, 83]
[100, 84]
[99, 84]
[99, 85]
[99, 86]
[99, 87]
[99, 88]
[99, 89]
[99, 90]
[99, 91]
[99, 92]
[99, 93]
[99, 94]
[99, 95]
[99, 96]
[99, 97]
[99, 98]
[99, 99]
[98, 99]
[98, 100]
[98, 101]
[98, 102]
[98, 103]
[98, 104]
[98, 105]
[98, 106]
[98, 107]
[98, 108]
[98, 109]
[98, 110]
[98, 111]
[98, 112]
[98, 113]
[98, 114]
[98, 115]
[98, 116]
[98, 117]
[98, 118]
[98, 119]
[98, 120]
[98, 121]
[99, 121]
[99, 120]
[99, 121]
[99, 120]
[99, 121]
[99, 122]
[100, 122]
[100, 123]
[100, 124]
[100, 125]
[100, 126]
[100, 127]
[101, 127]
[101, 128]
[101, 129]
[101, 130]
[101, 131]
[101, 132]
[101, 133]
[101, 134]
[101, 135]
[101, 136]
[101, 137]
[101, 138]
[101, 139]
[101, 140]
[100, 140]
[100, 141]
[100, 142]
[100, 143]
[100, 144]
[100, 145]
[100, 146]
[100, 147]
[100, 148]
[100, 149]
[100, 150]
[100, 151]
[100, 152]
[100, 153]
[100, 154]
[100, 155]
[100, 156]
[100, 157]
[100, 158]
[100, 159]
[100, 160]
[100, 161]
[100, 162]
[100, 163]
[100, 164]
[100, 165]
[101, 165]
[101, 166]
[101, 167]
[101, 168]
[101, 169]
[101, 170]
[101, 171]
[101, 172]
[100, 172]
[100, 173]
[100, 174]
[100, 175]
[100, 176]
[101, 176]
[101, 177]
[101, 178]
[101, 179]
[101, 180]
[101, 181]
[101, 182]
[101, 183]
[101, 184]
[101, 185]
[101, 186]
[101, 187]
[101, 188]
[101, 189]
[101, 190]
[101, 191]
[101, 192]
[101, 193]
[101, 194]
[101, 195]
[101, 196]
[101, 197]
[101, 198]
[101, 199]
[101, 200]
[101, 201]
[101, 202]
[101, 203]
[101, 204]
[101, 205]
[101, 206]
[101, 207]
[101, 208]
[101, 209]
[101, 210]
[101, 211]
[101, 212]
[101, 213]
[101, 214]
[101, 215]
[101, 216]
[101, 217]
[101, 218]
[101, 219]
[101, 220]
[101, 221]
[101, 222]
[101, 223]
[101, 224]
[101, 225]
[101, 226]
[101, 227]
[101, 228]
[100, 228]
[100, 229]
[100, 230]
[100, 231]
[100, 232]
[100, 233]
[100, 234]
[100, 235]
[100, 236]
[100, 237]
[100, 238]
[100, 239]
[100, 240]
[100, 241]
[100, 242]
[100, 243]
[100, 244]
[100, 245]
[100, 246]
[100, 247]
[100, 246]
[100, 247]
[100, 248]
[100, 249]
[100, 250]
[100, 251]
[100, 252]
[100, 253]
[100, 254]
[100, 255]
[100, 256]
[100, 257]
[100, 258]
[100, 259]
[100, 260]
[100, 261]
[100, 262]
[100, 263]
[100, 264]
[100, 265]
[100, 266]
[100, 267]
[100, 268]
[100, 269]
[100, 270]
[100, 271]
[100, 272]
[100, 273]
[100, 274]
[100, 275]
[100, 276]
[100, 277]
[100, 278]
[100, 279]
[100, 280]
[100, 281]
[100, 282]
[100, 283]
[100, 284]
[100, 285]
[100, 286]
[100, 287]
[100, 288]
[100, 289]
[100, 290]
[100, 291]
[100, 292]
[100, 293]
[100, 294]
[100, 295]
[100, 296]
[100, 297]
[100, 298]
[100, 299]
