[96, 12]
[96, 13]
[96, 14]
[96, 15]
[96, 16]
[96, 17]
[96, 18]
[96, 19]
[96, 20]
[96, 21]
[96, 22]
[96, 23]
[96, 24]
[96, 25]
[96, 26]
[96, 27]
[96, 28]
[96, 29]
[96, 30]
[96, 31]
[96, 32]
[96, 33]
[96, 34]
[96, 35]
[96, 36]
[96, 37]
[96, 38]
[96, 39]
[96, 40]
[96, 41]
[96, 42]
[96, 43]
[96, 44]
[96, 45]
[96, 46]
[96, 47]
[96, 48]
[96, 49]
[96, 50]
[96, 51]
[96, 52]
[96, 53]
[96, 54]
[96, 55]
[96, 56]
[96, 57]
[96, 56]
[96, 57]
[96, 58]
[96, 59]
[96, 60]
[96, 61]
[95, 61]
[95, 62]
[95, 63]
[95, 64]
[95, 65]
[95, 66]
[95, 67]
[95, 68]
[95, 69]
[95, 70]
[95, 71]
[95, 72]
[95, 73]
[94, 73]
[94, 74]
[94, 75]
[94, 76]
[94, 77]
[94, 78]
[94, 79]
[93, 79]
[93, 80]
[94, 80]
[94, 81]
[94, 82]
[94, 83]
[94, 84]
[94, 85]
[94, 86]
[94, 87]
[94, 88]
[94, 89]
[94, 90]
[94, 91]
[94, 92]
[94, 93]
[94, 94]
[94, 95]
[95, 95]
[96, 95]
[97, 95]
