307,2237,100,100
307,2237,100,100
312,2236,100,100
316,2236,100,100
316,2236,100,100
319,2231,100,100
321,2226,100,100
324,2221,100,100
327,2216,100,100
330,2211,100,100
332,2206,100,100
333,2205,100,100
333,2205,100,100
334,2204,100,100
334,2204,100,100
339,2201,100,100
344,2198,100,100
349,2195,100,100
354,2192,100,100
359,2189,100,100
364,2186,100,100
369,2183,100,100
374,2180,100,100
379,2177,100,100
384,2174,100,100
389,2171,100,100
394,2168,100,100
399,2165,100,100
404,2162,100,100
409,2159,100,100
414,2156,100,100
419,2153,100,100
424,2150,100,100
429,2147,100,100
434,2144,100,100
438,2142,100,100
438,2142,100,100
443,2141,100,100
448,2140,100,100
453,2140,100,100
458,2139,100,100
463,2138,100,100
468,2137,100,100
469,2137,100,100
469,2137,100,100
472,2132,100,100
475,2127,100,100
478,2122,100,100
482,2117,100,100
485,2112,100,100
488,2107,100,100
491,2102,100,100
494,2097,100,100
497,2092,100,100
500,2087,100,100
503,2083,100,100
503,2083,100,100
503,2078,100,100
503,2073,100,100
503,2068,100,100
504,2063,100,100
504,2058,100,100
504,2053,100,100
504,2048,100,100
504,2048,100,100
504,2048,100,100
507,2043,100,100
510,2038,100,100
513,2033,100,100
515,2028,100,100
518,2023,100,100
521,2018,100,100
524,2013,100,100
524,2013,100,100
524,2013,100,100
529,2009,100,100
533,2005,100,100
533,2005,100,100
534,2004,100,100
534,2004,100,100
534,1999,100,100
535,1994,100,100
535,1989,100,100
535,1984,100,100
535,1984,100,100
535,1984,100,100
533,1979,100,100
531,1974,100,100
529,1969,100,100
527,1964,100,100
527,1963,100,100
527,1963,100,100
526,1961,100,100
526,1961,100,100
526,1956,100,100
526,1951,100,100
526,1946,100,100
526,1941,100,100
526,1936,100,100
526,1931,100,100
526,1926,100,100
526,1921,100,100
526,1916,100,100
526,1914,100,100
526,1914,100,100
527,1912,100,100
527,1912,100,100
532,1908,100,100
537,1904,100,100
542,1900,100,100
547,1897,100,100
549,1895,100,100
549,1895,100,100
549,1890,100,100
549,1885,100,100
549,1880,100,100
549,1875,100,100
549,1870,100,100
549,1865,100,100
549,1860,100,100
549,1855,100,100
549,1853,100,100
549,1853,100,100
550,1852,100,100
550,1852,100,100
555,1849,100,100
560,1845,100,100
565,1842,100,100
570,1839,100,100
575,1836,100,100
580,1832,100,100
585,1829,100,100
590,1826,100,100
595,1822,100,100
600,1819,100,100
605,1816,100,100
610,1812,100,100
615,1809,100,100
620,1806,100,100
625,1803,100,100
630,1799,100,100
632,1798,100,100
632,1798,100,100
633,1796,100,100
633,1796,100,100
638,1792,100,100
643,1787,100,100
648,1783,100,100
653,1779,100,100
658,1774,100,100
663,1770,100,100
668,1766,100,100
673,1761,100,100
678,1757,100,100
683,1753,100,100
686,1750,100,100
686,1750,100,100
687,1749,100,100
687,1749,100,100
692,1748,100,100
697,1748,100,100
702,1747,100,100
707,1746,100,100
712,1746,100,100
717,1745,100,100
722,1745,100,100
727,1744,100,100
732,1743,100,100
737,1743,100,100
742,1742,100,100
747,1741,100,100
752,1741,100,100
757,1740,100,100
762,1739,100,100
767,1739,100,100
772,1738,100,100
777,1738,100,100
782,1737,100,100
787,1736,100,100
792,1736,100,100
797,1735,100,100
802,1734,100,100
807,1734,100,100
812,1733,100,100
817,1732,100,100
822,1732,100,100
827,1731,100,100
832,1731,100,100
837,1730,100,100
842,1729,100,100
847,1729,100,100
852,1728,100,100
857,1727,100,100
862,1727,100,100
867,1726,100,100
872,1725,100,100
877,1725,100,100
882,1724,100,100
887,1724,100,100
892,1723,100,100
897,1722,100,100
902,1722,100,100
907,1721,100,100
912,1720,100,100
917,1720,100,100
922,1719,100,100
927,1719,100,100
932,1718,100,100
937,1717,100,100
942,1717,100,100
947,1716,100,100
952,1715,100,100
957,1715,100,100
962,1714,100,100
967,1713,100,100
972,1713,100,100
977,1712,100,100
982,1712,100,100
987,1711,100,100
992,1710,100,100
997,1710,100,100
1002,1709,100,100
1007,1708,100,100
1012,1708,100,100
1017,1707,100,100
1022,1706,100,100
1027,1706,100,100
1032,1705,100,100
1037,1705,100,100
1042,1704,100,100
1047,1703,100,100
1052,1703,100,100
1057,1702,100,100
1062,1701,100,100
1067,1701,100,100
1072,1700,100,100
1077,1699,100,100
1082,1699,100,100
1087,1698,100,100
1092,1698,100,100
1097,1697,100,100
1102,1696,100,100
1107,1696,100,100
1112,1695,100,100
1112,1695,100,100
1112,1695,100,100
1117,1694,100,100
1122,1693,100,100
1127,1691,100,100
1129,1691,100,100
1129,1691,100,100
1134,1690,100,100
1139,1688,100,100
1144,1687,100,100
1149,1685,100,100
1154,1684,100,100
1159,1682,100,100
1164,1681,100,100
1169,1679,100,100
1174,1678,100,100
1179,1676,100,100
1184,1675,100,100
1189,1673,100,100
1194,1672,100,100
1199,1670,100,100
1203,1669,100,100
1203,1669,100,100
1204,1669,100,100
1204,1669,100,100
1205,1670,100,100
1205,1670,100,100
1210,1674,100,100
1215,1679,100,100
1220,1683,100,100
1225,1687,100,100
1230,1692,100,100
1234,1695,100,100
1234,1695,100,100
1239,1697,100,100
1244,1700,100,100
1249,1702,100,100
1254,1704,100,100
1259,1707,100,100
1264,1709,100,100
1269,1711,100,100
1274,1714,100,100
1279,1716,100,100
1284,1718,100,100
1289,1721,100,100
1294,1723,100,100
1299,1725,100,100
1304,1728,100,100
1309,1730,100,100
1314,1732,100,100
1319,1735,100,100
1324,1737,100,100
1329,1740,100,100
1334,1742,100,100
1339,1744,100,100
1344,1747,100,100
1349,1749,100,100
1354,1751,100,100
1359,1754,100,100
1364,1756,100,100
1369,1758,100,100
1374,1761,100,100
1379,1763,100,100
1384,1765,100,100
1389,1768,100,100
1394,1770,100,100
1394,1770,100,100
1394,1770,100,100
1396,1775,100,100
1399,1780,100,100
1401,1785,100,100
1404,1790,100,100
1406,1795,100,100
1409,1800,100,100
1411,1805,100,100
1414,1810,100,100
1416,1815,100,100
1419,1820,100,100
1420,1822,100,100
1420,1822,100,100
1425,1823,100,100
1430,1823,100,100
1435,1824,100,100
1440,1825,100,100
1445,1825,100,100
1450,1826,100,100
1455,1827,100,100
1460,1827,100,100
1465,1828,100,100
1470,1829,100,100
1471,1829,100,100
1471,1829,100,100
1473,1834,100,100
1476,1839,100,100
1478,1844,100,100
1479,1845,100,100
1479,1845,100,100
1484,1847,100,100
1489,1850,100,100
1494,1852,100,100
1499,1855,100,100
1504,1857,100,100
1509,1860,100,100
1514,1862,100,100
1519,1865,100,100
1524,1867,100,100
1529,1869,100,100
1534,1872,100,100
1539,1874,100,100
1544,1877,100,100
1549,1879,100,100
1554,1882,100,100
1559,1884,100,100
1564,1887,100,100
1569,1889,100,100
1574,1892,100,100
1579,1894,100,100
1579,1894,100,100
1579,1894,100,100
1581,1895,100,100
1581,1895,100,100
1582,1900,100,100
1583,1905,100,100
1584,1910,100,100
1585,1915,100,100
1586,1920,100,100
1587,1925,100,100
1588,1930,100,100
1589,1935,100,100
1590,1940,100,100
1591,1945,100,100
1592,1950,100,100
1593,1955,100,100
1594,1960,100,100
1595,1965,100,100
1596,1970,100,100
1597,1975,100,100
1598,1980,100,100
1599,1985,100,100
1600,1990,100,100
1600,1995,100,100
1601,2000,100,100
1602,2005,100,100
1603,2010,100,100
1604,2015,100,100
1605,2020,100,100
1606,2025,100,100
1607,2030,100,100
1608,2035,100,100
1609,2040,100,100
1610,2045,100,100
1611,2050,100,100
1612,2055,100,100
1613,2060,100,100
1614,2065,100,100
1615,2070,100,100
1616,2075,100,100
1617,2080,100,100
1618,2085,100,100
1619,2090,100,100
1619,2090,100,100
1619,2090,100,100
1624,2090,100,100
1629,2091,100,100
1634,2091,100,100
1639,2092,100,100
1644,2092,100,100
1649,2093,100,100
1654,2093,100,100
1659,2094,100,100
1664,2094,100,100
1669,2095,100,100
1670,2095,100,100
1670,2095,100,100
1674,2100,100,100
1678,2105,100,100
1682,2110,100,100
1685,2115,100,100
1689,2120,100,100
1693,2125,100,100
1697,2130,100,100
1701,2135,100,100
1705,2140,100,100
1709,2145,100,100
1712,2150,100,100
1716,2155,100,100
1720,2160,100,100
1724,2165,100,100
1728,2170,100,100
1732,2175,100,100
1736,2180,100,100
1739,2185,100,100
1743,2190,100,100
1747,2195,100,100
1751,2200,100,100
1755,2205,100,100
1759,2210,100,100
1763,2215,100,100
1767,2220,100,100
1770,2225,100,100
1774,2230,100,100
1775,2231,100,100
1775,2231,100,100
1780,2231,100,100
1785,2231,100,100
1790,2231,100,100
1794,2231,100,100
