[100, 21]
[100, 20]
[100, 19]
[100, 18]
[100, 17]
[100, 16]
[100, 15]
[100, 14]
[100, 13]
[100, 12]
[100, 11]
[100, 10]
[100, 9]
[100, 8]
[100, 7]
[100, 6]
[99, 5]
[99, 4]
[99, 3]
[99, 4]
[99, 3]
[99, 4]
[99, 5]
[99, 6]
[98, 7]
[98, 8]
[98, 9]
[98, 10]
[98, 11]
[98, 12]
[97, 12]
[97, 13]
[97, 14]
[97, 15]
[97, 16]
[97, 17]
[97, 18]
[97, 19]
[98, 20]
[98, 21]
[98, 22]
[98, 23]
[98, 24]
[98, 25]
[98, 26]
[98, 27]
[98, 28]
[98, 29]
[98, 30]
[98, 31]
[98, 32]
[98, 33]
[98, 34]
[98, 35]
[98, 36]
[98, 37]
[98, 38]
[98, 39]
[98, 40]
[98, 41]
[98, 42]
[98, 43]
[98, 44]
[98, 45]
[98, 46]
[98, 47]
[98, 48]
[98, 49]
[98, 50]
[99, 50]
[100, 50]
[101, 50]
[102, 50]
[103, 50]
[104, 50]
[105, 50]
[106, 50]
[107, 50]
[108, 50]
[109, 50]
[110, 50]
[111, 50]
[112, 50]
[113, 50]
[113, 51]
[113, 52]
[113, 53]
[113, 54]
[113, 55]
[113, 56]
[113, 57]
[113, 58]
[113, 59]
[113, 60]
[113, 61]
[113, 62]
[113, 63]
[114, 63]
[115, 63]
[116, 63]
[117, 63]
[118, 63]
[119, 63]
[120, 63]
[121, 63]
[122, 63]
[123, 63]
[124, 63]
[125, 63]
[126, 63]
[127, 63]
[128, 63]
[129, 63]
[130, 64]
[129, 64]
[130, 64]
[129, 64]
[130, 64]
[129, 64]
[130, 64]
[129, 64]
[130, 64]
[129, 64]
[130, 64]
[129, 64]
[130, 64]
[129, 64]
[130, 64]
[129, 64]
[130, 64]
[129, 64]
[128, 63]
[129, 63]
[130, 63]
