[39, 236]
[38, 236]
[39, 235]
[38, 234]
[39, 233]
[40, 232]
[41, 231]
[42, 230]
[43, 229]
[44, 228]
[45, 227]
[46, 226]
[47, 225]
[48, 224]
[49, 223]
[50, 222]
[51, 221]
[52, 220]
[53, 219]
[54, 218]
[55, 217]
[56, 216]
[57, 215]
[58, 214]
[59, 213]
[60, 212]
[61, 211]
[62, 210]
[63, 209]
[64, 208]
[65, 207]
[66, 206]
[67, 205]
[68, 204]
[69, 203]
[70, 202]
[71, 201]
[72, 200]
[73, 199]
[74, 198]
[75, 197]
[76, 196]
[77, 195]
[78, 194]
[79, 193]
[80, 192]
[81, 191]
[82, 190]
[83, 189]
[84, 188]
[84, 189]
[85, 188]
[86, 187]
[87, 186]
[88, 185]
[89, 184]
[90, 183]
[91, 182]
[92, 181]
[93, 180]
[94, 179]
[95, 178]
[96, 177]
[97, 176]
[98, 175]
[99, 174]
[100, 173]
[101, 172]
[102, 172]
[103, 171]
[104, 170]
[105, 169]
[106, 168]
[107, 167]
[108, 166]
[109, 165]
[110, 164]
[111, 163]
[112, 162]
[113, 161]
[114, 160]
[115, 159]
[116, 158]
[117, 157]
[118, 156]
[119, 155]
[120, 154]
[121, 153]
[122, 152]
[123, 151]
[124, 150]
[125, 149]
[126, 148]
[127, 147]
[128, 146]
[129, 145]
[130, 144]
[131, 143]
[132, 142]
[133, 141]
[134, 140]
[135, 139]
[136, 138]
[137, 137]
[138, 136]
[139, 135]
[140, 134]
[141, 133]
[142, 132]
[143, 131]
[144, 130]
[145, 129]
[146, 128]
[147, 127]
[148, 126]
[149, 125]
[150, 124]
[151, 123]
[152, 122]
[153, 121]
[154, 120]
[155, 119]
[156, 118]
[157, 117]
[158, 116]
[159, 115]
[160, 115]
[161, 114]
[162, 113]
[163, 112]
[164, 111]
[165, 110]
[166, 109]
[167, 108]
[168, 107]
[169, 106]
[170, 105]
[171, 104]
[172, 103]
[173, 102]
[174, 101]
[175, 100]
[176, 99]
[176, 98]
[176, 97]
[176, 96]
[177, 95]
[178, 94]
[179, 93]
[180, 92]
[179, 93]
[180, 92]
[181, 91]
[182, 90]
[183, 89]
[184, 88]
[185, 87]
[186, 86]
[187, 85]
[188, 84]
[189, 83]
[190, 82]
[191, 83]
[190, 83]
[191, 82]
[192, 81]
[193, 80]
[194, 79]
[195, 78]
[196, 77]
[197, 77]
[198, 76]
[199, 75]
[200, 74]
[201, 73]
[202, 72]
[203, 71]
[204, 70]
[205, 69]
[204, 68]
[205, 67]
[206, 66]
[207, 65]
[208, 64]
[209, 63]
[210, 62]
[211, 61]
[211, 62]
[212, 61]
[213, 60]
[214, 59]
[215, 58]
[216, 57]
[217, 56]
[218, 55]
[219, 54]
[220, 53]
[221, 52]
[222, 51]
[223, 50]
[224, 49]
[223, 50]
[224, 49]
[225, 48]
[226, 47]
[227, 46]
[228, 45]
[229, 44]
[230, 43]
[231, 42]
[232, 41]
[233, 40]
[234, 39]
[235, 38]
[236, 37]
[235, 36]
[236, 35]
[237, 34]
[238, 33]
[239, 32]
[240, 31]
[241, 30]
[242, 29]
[243, 28]
[244, 27]
[245, 26]
[246, 25]
[246, 26]
[247, 25]
[248, 24]
[249, 23]
[249, 24]
[249, 25]
[249, 26]
[249, 27]
[249, 28]
[249, 29]
[249, 30]
[249, 31]
[249, 32]
[249, 31]
[249, 32]
[249, 33]
[249, 34]
[249, 35]
[249, 36]
[249, 37]
[249, 38]
[249, 39]
[249, 40]
[249, 41]
[249, 42]
[249, 43]
[249, 44]
[249, 45]
[249, 46]
[249, 47]
[249, 48]
[249, 49]
[248, 49]
[249, 48]
[249, 49]
[249, 50]
[249, 51]
[249, 52]
[249, 53]
[249, 54]
[249, 55]
[249, 56]
[249, 57]
[249, 58]
[249, 59]
[249, 60]
[249, 61]
[249, 62]
[249, 63]
[249, 64]
[249, 65]
[249, 66]
[249, 67]
[249, 68]
[249, 69]
[249, 70]
[249, 71]
[249, 72]
[249, 73]
[249, 74]
[249, 75]
[249, 76]
[249, 77]
[249, 78]
[249, 79]
[249, 80]
[249, 81]
[249, 82]
[249, 83]
[249, 84]
[249, 85]
[249, 86]
[250, 85]
[250, 86]
[250, 87]
[250, 88]
[250, 89]
[250, 90]
[250, 91]
[250, 92]
[250, 93]
[250, 94]
[250, 95]
[250, 96]
[250, 97]
[249, 96]
[249, 97]
