[53, 189]
[54, 188]
[55, 187]
[56, 186]
[57, 185]
[58, 184]
[59, 183]
[60, 182]
[61, 181]
[61, 182]
[62, 181]
[63, 180]
[64, 179]
[65, 178]
[66, 177]
[67, 176]
[68, 175]
[69, 174]
[70, 173]
[71, 172]
[72, 171]
[73, 170]
[74, 169]
[73, 170]
[74, 169]
[75, 168]
[76, 167]
[77, 166]
[78, 165]
[79, 164]
[80, 163]
[79, 164]
[80, 163]
[81, 162]
[82, 161]
[83, 160]
[84, 159]
[85, 158]
[86, 157]
[87, 156]
[86, 156]
[87, 155]
[88, 154]
[89, 153]
[90, 152]
[91, 151]
[92, 150]
[93, 149]
[94, 148]
[95, 147]
[96, 146]
[97, 145]
[98, 144]
[99, 143]
[100, 142]
[101, 141]
[102, 142]
[103, 141]
[104, 140]
[105, 139]
[106, 138]
[107, 137]
[108, 136]
[109, 135]
[110, 134]
[111, 133]
[112, 132]
[113, 131]
[112, 130]
[111, 129]
[112, 128]
[113, 127]
[114, 126]
[115, 125]
[116, 124]
[117, 123]
[118, 122]
[119, 121]
[120, 120]
[121, 119]
[122, 118]
[123, 117]
[124, 116]
[125, 115]
[126, 114]
[127, 113]
[128, 112]
[129, 111]
[130, 110]
[131, 109]
[132, 108]
[133, 107]
[134, 106]
[135, 105]
[136, 104]
[137, 103]
[138, 102]
[139, 101]
[140, 100]
[141, 101]
[141, 100]
[142, 99]
[141, 100]
[142, 99]
[143, 98]
[144, 97]
[145, 96]
[146, 97]
[145, 97]
[146, 96]
[147, 95]
[148, 94]
[149, 95]
[150, 94]
[150, 93]
[151, 92]
[152, 91]
[153, 90]
[154, 89]
[155, 88]
[156, 87]
[157, 86]
[158, 85]
[159, 84]
[160, 83]
[159, 83]
[160, 82]
[161, 81]
[162, 82]
[163, 81]
[162, 80]
[161, 79]
[160, 78]
[159, 77]
[160, 77]
[159, 76]
[158, 75]
[157, 74]
[156, 73]
[155, 72]
[155, 73]
[154, 72]
[155, 72]
[156, 72]
[155, 71]
[154, 70]
[153, 69]
[152, 68]
[151, 67]
[150, 66]
[149, 65]
[148, 64]
[147, 63]
[146, 62]
[145, 61]
[144, 60]
[143, 59]
[142, 58]
[142, 57]
[141, 56]
[140, 55]
[139, 54]
[138, 53]
[139, 52]
[138, 52]
[137, 51]
[136, 50]
[135, 49]
[134, 48]
[133, 47]
[132, 46]
[131, 45]
[130, 44]
[129, 43]
[128, 42]
[127, 41]
[128, 41]
[127, 40]
[126, 39]
[125, 38]
[124, 37]
[123, 36]
[124, 35]
[123, 34]
[122, 33]
[121, 32]
[120, 31]
[119, 30]
[118, 29]
[117, 28]
[116, 27]
[115, 26]
[114, 25]
[113, 24]
[112, 23]
[111, 22]
[110, 21]
[109, 20]
[108, 19]
[109, 19]
[108, 19]
[107, 18]
[106, 17]
[105, 16]
[104, 15]
[103, 14]
[102, 13]
[102, 14]
[101, 13]
[100, 12]
[99, 11]
[98, 10]
[97, 9]
[96, 8]
[95, 7]
[94, 6]
[93, 5]
[92, 4]
[91, 3]
[90, 2]
[89, 1]
[88, 1]
[87, 1]
[86, 1]
[87, 1]
[86, 1]
[85, 1]
[84, 1]
[83, 1]
[82, 1]
[81, 1]
[80, 1]
[81, 1]
[80, 1]
[79, 1]
[78, 1]
[77, 1]
[78, 1]
[77, 1]
[76, 1]
[75, 1]
[74, 1]
[73, 1]
[72, 1]
[71, 1]
[72, 2]
[72, 1]
[72, 1]
[72, 1]
[72, 1]
[72, 1]
[72, 1]
[72, 1]
[72, 1]
[72, 1]
[72, 1]
[72, 1]
[72, 1]
[71, 1]
[71, 1]
[71, 1]
[71, 2]
[71, 1]
[71, 1]
[72, 1]
[72, 1]
[72, 1]
[72, 1]
[72, 1]
[72, 1]
[72, 1]
[72, 1]
[72, 1]
[72, 1]
[72, 1]
[72, 1]
[72, 1]
[72, 1]
[72, 1]
[72, 1]
[71, 1]
[71, 1]
[71, 1]
[71, 1]
[71, 1]
[70, 2]
[69, 3]
[68, 4]
[67, 5]
[66, 6]
[65, 7]
[66, 7]
[65, 8]
[64, 9]
[63, 10]
[62, 11]
[61, 12]
[60, 13]
[59, 14]
[58, 15]
[57, 16]
[56, 15]
[55, 16]
[54, 17]
[53, 18]
[52, 19]
[51, 20]
[50, 21]
[50, 22]
[49, 23]
[48, 24]
[47, 25]
[46, 26]
[45, 27]
[44, 28]
[43, 29]
[42, 30]
[41, 31]
[40, 32]
[39, 33]
[40, 33]
[40, 32]
[41, 32]
[42, 32]
[41, 33]
[42, 33]
[43, 33]
[44, 33]
[45, 33]
[46, 33]
[47, 33]
[48, 33]
[49, 33]
[50, 33]
[49, 32]
[50, 32]
[51, 32]
[52, 32]
[53, 32]
[54, 32]
[55, 32]
[56, 32]
[57, 32]
[58, 32]
[59, 32]
[60, 32]
[61, 32]
[62, 32]
[63, 32]
[64, 32]
[65, 32]
[66, 32]
[67, 32]
[68, 32]
[69, 32]
[70, 31]
[71, 31]
[72, 30]
[73, 30]
[74, 30]
[75, 30]
[76, 30]
[77, 30]
[78, 30]
[79, 30]
[80, 30]
[81, 30]
[82, 30]
[83, 30]
[82, 29]
[83, 29]
[84, 29]
[85, 29]
[86, 29]
[87, 29]
[88, 29]
[89, 29]
[90, 29]
[90, 30]
[89, 29]
[90, 29]
[91, 29]
[92, 29]
[93, 29]
[94, 29]
[95, 29]
[96, 29]
[97, 29]
[98, 29]
[99, 29]
[100, 29]
[101, 29]
[102, 29]
[103, 29]
[102, 28]
[103, 28]
[104, 28]
[105, 28]
[106, 28]
[107, 28]
[108, 28]
[109, 28]
[110, 28]
[111, 29]
[112, 29]
[113, 30]
[114, 30]
[115, 30]
[116, 30]
[117, 30]
[118, 30]
[119, 30]
[120, 30]
[121, 30]
[122, 30]
[122, 31]
[122, 32]
[122, 33]
[122, 34]
[122, 35]
[122, 36]
[122, 37]
[122, 38]
[122, 39]
[122, 40]
[123, 40]
[124, 40]
[125, 40]
[126, 40]
[127, 40]
[128, 40]
[129, 40]
[130, 40]
[131, 40]
[132, 40]
[133, 40]
[134, 40]
[135, 40]
[136, 40]
[137, 40]
[137, 41]
[137, 42]
[138, 42]
[138, 43]
[138, 44]
[138, 45]
[138, 46]
[138, 47]
[138, 48]
[138, 49]
[138, 50]
[138, 51]
[138, 52]
[138, 53]
[138, 54]
[138, 55]
[138, 56]
[138, 57]
[138, 58]
[138, 59]
[139, 59]
[139, 60]
[139, 61]
[139, 62]
[139, 63]
[139, 64]
[139, 65]
[139, 66]
[139, 67]
[139, 68]
[139, 69]
[139, 70]
[139, 71]
[139, 72]
[139, 73]
[139, 74]
[139, 75]
[139, 76]
[139, 77]
[139, 78]
[138, 79]
[139, 79]
[138, 80]
[137, 81]
[136, 82]
[137, 81]
[136, 82]
[137, 81]
[136, 82]
[137, 81]
[136, 82]
[137, 81]
[136, 82]
[137, 81]
[136, 82]
[137, 81]
[136, 80]
[135, 81]
[135, 82]
[136, 81]
[135, 82]
[136, 81]
[135, 82]
[134, 81]
[133, 82]
[134, 81]
[133, 82]
[134, 81]
[133, 82]
[134, 81]
[133, 82]
[133, 81]
[132, 82]
[132, 81]
[131, 82]
[131, 81]
[130, 82]
[130, 81]
[129, 82]
[129, 81]
[128, 82]
[128, 81]
[127, 82]
[127, 81]
[126, 82]
[126, 81]
[125, 82]
[125, 81]
[124, 82]
[124, 81]
[123, 82]
[123, 81]
[122, 82]
[122, 81]
[121, 82]
[121, 81]
[120, 82]
[120, 81]
[119, 82]
[119, 81]
[118, 82]
[118, 81]
[117, 82]
[117, 81]
[118, 82]
[118, 81]
[118, 82]
[118, 81]
[118, 82]
[117, 83]
[117, 82]
[117, 81]
[116, 80]
[115, 79]
[115, 80]
[115, 81]
[115, 82]
[115, 81]
[115, 82]
[115, 81]
[115, 82]
[114, 81]
[114, 82]
[114, 81]
[114, 82]
[114, 81]
[114, 82]
[114, 81]
[114, 82]
[114, 81]
[114, 82]
[115, 81]
[115, 82]
[116, 81]
[116, 82]
[117, 81]
[117, 82]
[118, 81]
[118, 82]
[119, 81]
[119, 82]
[120, 81]
[120, 82]
[121, 81]
[121, 82]
[122, 81]
[122, 82]
[123, 81]
[123, 82]
[124, 81]
[124, 82]
[125, 81]
[125, 82]
[126, 81]
[126, 82]
[127, 81]
[127, 82]
[128, 81]
[128, 82]
[129, 81]
[130, 80]
[130, 81]
[130, 82]
[131, 81]
[131, 82]
[132, 81]
[132, 82]
[133, 81]
[133, 82]
[134, 81]
[134, 82]
[135, 81]
[135, 82]
[136, 81]
[136, 82]
[137, 81]
[137, 82]
[138, 81]
[138, 82]
[139, 83]
[140, 82]
[141, 81]
[141, 82]
[142, 81]
[142, 82]
[143, 81]
[143, 82]
[144, 81]
[144, 82]
[145, 81]
[145, 82]
[146, 81]
[146, 82]
[147, 81]
[147, 82]
[148, 81]
[148, 82]
[149, 81]
[149, 82]
[150, 81]
[150, 82]
[151, 81]
[151, 82]
[152, 81]
[152, 82]
[153, 81]
[153, 82]
[154, 81]
[154, 82]
[155, 81]
[155, 82]
[156, 83]
[157, 82]
[158, 81]
[158, 82]
[159, 81]
[158, 82]
[159, 81]
[158, 82]
[159, 81]
[158, 82]
[159, 81]
[158, 82]
[159, 81]
[158, 82]
[159, 81]
[158, 82]
[159, 81]
[158, 82]
[159, 81]
[158, 82]
[159, 81]
[158, 82]
[159, 81]
[158, 82]
[159, 81]
[158, 82]
[159, 81]
[158, 82]
[159, 81]
[158, 82]
[159, 81]
[158, 82]
[159, 81]
[158, 82]
[159, 81]
[158, 82]
[159, 81]
[160, 81]
[159, 82]
[160, 81]
[159, 82]
[160, 81]
[159, 82]
[160, 81]
[159, 82]
[160, 81]
[159, 82]
[160, 81]
[161, 82]
[161, 83]
[162, 82]
[163, 81]
[162, 82]
[163, 81]
[162, 81]
[161, 82]
[162, 81]
[161, 82]
[162, 81]
[161, 82]
[162, 81]
[161, 82]
[162, 81]
[161, 82]
[162, 81]
[161, 82]
[162, 81]
[163, 80]
[162, 81]
[161, 82]
[162, 81]
[161, 82]
[162, 81]
[161, 82]
[162, 81]
[161, 82]
[162, 81]
[161, 82]
[162, 81]
[161, 82]
[162, 81]
[161, 82]
[162, 81]
[161, 82]
[162, 81]
[161, 82]
[162, 81]
[162, 80]
[161, 81]
[160, 82]
[161, 81]
[160, 82]
[161, 81]
[160, 82]
[161, 81]
[160, 82]
[161, 81]
[160, 82]
[161, 81]
[160, 82]
[161, 81]
[160, 82]
[161, 81]
[160, 82]
[161, 81]
[160, 82]
[161, 81]
[160, 82]
[161, 81]
[160, 82]
[161, 81]
[160, 82]
[161, 81]
[160, 82]
[161, 81]
[160, 82]
[161, 81]
[160, 82]
[161, 81]
[162, 80]
[161, 81]
[160, 82]
[161, 81]
[160, 82]
[161, 81]
[160, 82]
[161, 83]
[162, 82]
[163, 81]
[162, 82]
[163, 81]
[162, 82]
[163, 81]
[162, 82]
[163, 81]
[162, 82]
[163, 81]
[162, 82]
[163, 81]
[162, 82]
[163, 81]
[162, 82]
[163, 81]
[162, 82]
[163, 81]
[162, 82]
[163, 81]
[162, 82]
[163, 81]
[162, 82]
[163, 81]
[162, 82]
[163, 81]
[162, 82]
[163, 81]
[162, 82]
[163, 81]
[162, 82]
[161, 83]
[161, 82]
[161, 81]
[160, 82]
[160, 81]
[159, 82]
[159, 81]
[158, 82]
[158, 81]
[157, 82]
[157, 81]
[156, 82]
[156, 81]
[155, 82]
[155, 81]
[154, 82]
[154, 81]
[154, 82]
[153, 82]
[153, 81]
[152, 82]
[152, 81]
[151, 82]
[151, 81]
[150, 82]
[150, 81]
[149, 82]
[149, 81]
[148, 82]
[148, 81]
[147, 81]
[146, 82]
[145, 81]
[144, 82]
[144, 81]
[143, 80]
[142, 81]
[141, 82]
[141, 81]
[140, 82]
[140, 81]
[139, 82]
[139, 81]
[138, 82]
[138, 81]
[137, 82]
[136, 82]
[136, 81]
[135, 82]
[135, 81]
[136, 81]
[135, 82]
[135, 81]
[134, 80]
[133, 81]
[134, 82]
[134, 81]
[133, 82]
[133, 81]
[132, 82]
[132, 81]
[131, 82]
[131, 81]
[130, 82]
[130, 81]
[129, 82]
[129, 81]
[128, 82]
[128, 81]
[127, 82]
[127, 81]
[126, 82]
[126, 81]
[125, 82]
[125, 81]
[124, 82]
[124, 81]
[123, 82]
[123, 81]
[122, 82]
[122, 81]
[121, 81]
[120, 82]
[120, 81]
[119, 82]
[119, 81]
[118, 82]
[118, 81]
[117, 82]
[117, 81]
[116, 82]
[116, 81]
[115, 82]
[115, 81]
[114, 82]
[114, 81]
[113, 82]
[113, 81]
[112, 82]
[113, 81]
[112, 82]
[112, 81]
[111, 82]
[111, 81]
[110, 82]
[110, 81]
[109, 82]
[109, 81]
[108, 82]
[108, 81]
[107, 82]
[107, 81]
[106, 82]
[106, 81]
[107, 81]
[106, 82]
[106, 81]
[105, 82]
[105, 81]
[105, 80]
[104, 81]
[103, 82]
[103, 81]
[102, 82]
[102, 81]
[101, 82]
[101, 81]
[100, 82]
[100, 81]
[99, 82]
[99, 81]
[98, 82]
[98, 81]
[99, 81]
[98, 82]
[98, 81]
[97, 82]
[97, 81]
[96, 80]
[95, 81]
[94, 82]
[94, 81]
[93, 82]
[93, 81]
[92, 82]
[92, 81]
[91, 82]
[91, 81]
[90, 82]
[90, 81]
[89, 82]
[89, 81]
[88, 82]
[87, 81]
[86, 82]
[86, 81]
[85, 82]
[85, 81]
[84, 82]
[84, 81]
[83, 82]
[83, 81]
[82, 82]
[82, 81]
[81, 82]
[81, 81]
[80, 82]
[80, 81]
[79, 82]
[79, 81]
[78, 82]
[78, 81]
[77, 82]
[77, 81]
[76, 82]
[75, 82]
[75, 81]
[74, 82]
[74, 81]
[73, 82]
[73, 81]
[72, 82]
[72, 81]
[71, 82]
[71, 81]
[70, 82]
[70, 81]
[69, 82]
[69, 81]
[68, 82]
[68, 81]
[67, 82]
[67, 81]
[68, 81]
[67, 82]
[67, 81]
[66, 82]
[66, 81]
[67, 80]
[66, 81]
[65, 82]
[65, 81]
[64, 82]
[64, 81]
[63, 82]
[63, 81]
[62, 82]
[63, 81]
[64, 82]
[64, 81]
[63, 82]
[63, 81]
[62, 82]
[62, 81]
[61, 82]
[61, 81]
[61, 80]
[60, 81]
[59, 82]
[59, 81]
[58, 82]
[58, 81]
[57, 82]
[57, 81]
[56, 82]
[56, 83]
[56, 84]
[57, 83]
[58, 82]
[59, 81]
[58, 82]
[59, 81]
[58, 82]
[59, 81]
[58, 82]
[59, 81]
[59, 82]
[60, 81]
[60, 82]
[61, 81]
[61, 82]
[62, 81]
[62, 80]
[62, 81]
[63, 80]
[63, 81]
[62, 82]
[63, 81]
[63, 82]
[64, 81]
[64, 82]
[65, 81]
[66, 81]
[66, 82]
[67, 81]
[67, 82]
[68, 81]
[67, 81]
[66, 81]
[66, 82]
[67, 81]
[67, 82]
[68, 81]
[68, 82]
[69, 81]
[69, 82]
[70, 81]
[70, 82]
[71, 81]
[71, 82]
[72, 81]
[72, 82]
[71, 81]
[70, 81]
[69, 80]
[70, 81]
[69, 81]
[68, 81]
[67, 81]
[66, 81]
[65, 81]
[64, 80]
[63, 80]
[62, 80]
[61, 80]
[62, 80]
[61, 80]
[60, 80]
[59, 80]
[58, 80]
[57, 80]
[56, 80]
[55, 80]
[54, 80]
[53, 80]
[52, 80]
[51, 79]
[51, 78]
[52, 79]
[51, 79]
[50, 79]
[49, 79]
[48, 79]
[47, 79]
[46, 79]
[45, 79]
[44, 79]
[43, 79]
[42, 79]
[41, 79]
[40, 79]
[39, 78]
[38, 78]
[37, 78]
[36, 78]
[35, 78]
[34, 78]
[33, 78]
[32, 78]
[31, 78]
[30, 78]
[29, 78]
[28, 78]
[27, 78]
[26, 78]
[27, 79]
[26, 79]
[25, 79]
[24, 79]
[23, 79]
[22, 79]
[21, 79]
[20, 79]
[20, 80]
[19, 80]
[18, 80]
[17, 80]
[16, 80]
[15, 80]
[14, 80]
[14, 81]
[13, 81]
[12, 81]
[11, 81]
[10, 81]
[9, 81]
[8, 81]
[7, 81]
[6, 81]
[5, 81]
[4, 81]
[3, 81]
[2, 81]
[3, 80]
[2, 80]
[1, 80]
[1, 80]
[1, 80]
[1, 80]
[1, 80]
[1, 80]
[1, 80]
[1, 80]
[1, 80]
[1, 80]
[1, 80]
[1, 80]
[1, 80]
[1, 80]
[1, 80]
[1, 80]
[1, 80]
[1, 80]
[1, 80]
[1, 80]
[1, 80]
[1, 80]
[1, 80]
[1, 80]
[1, 80]
[1, 79]
[1, 79]
[1, 79]
[1, 79]
[1, 79]
[1, 79]
[1, 79]
[1, 79]
[1, 80]
[1, 80]
[1, 80]
[1, 80]
[1, 80]
[1, 80]
[1, 80]
[1, 80]
[1, 80]
[1, 80]
[1, 80]
[1, 80]
[1, 80]
[1, 80]
[1, 80]
[1, 80]
[1, 80]
[1, 80]
[2, 79]
[1, 79]
[1, 79]
[1, 79]
[1, 79]
[1, 79]
[1, 79]
[1, 79]
[2, 78]
[2, 77]
[1, 77]
[1, 77]
[1, 77]
[1, 77]
[1, 77]
[1, 77]
[1, 77]
[1, 77]
[1, 77]
[1, 77]
[2, 77]
[1, 77]
[1, 77]
[1, 77]
[1, 78]
[1, 78]
[1, 78]
[1, 78]
[1, 78]
[1, 78]
[1, 78]
[1, 78]
[1, 78]
[1, 78]
[1, 77]
[1, 77]
[1, 77]
[1, 77]
[1, 77]
[1, 77]
[1, 77]
[1, 77]
[1, 77]
[1, 77]
[1, 77]
[1, 77]
[1, 77]
[1, 77]
[1, 77]
[1, 77]
[1, 77]
[1, 77]
[1, 77]
[1, 77]
[1, 77]
[1, 77]
[1, 77]
[1, 77]
[1, 77]
[1, 77]
[1, 77]
[1, 77]
[1, 77]
[1, 77]
[1, 77]
[1, 77]
[1, 77]
[1, 77]
[1, 77]
[1, 77]
[1, 78]
[1, 78]
[1, 78]
[1, 78]
[1, 77]
[1, 77]
[1, 77]
[1, 77]
[1, 77]
[1, 77]
[1, 77]
[2, 77]
[2, 76]
[1, 76]
[1, 76]
[1, 76]
[1, 76]
[1, 76]
[1, 76]
[1, 76]
[2, 77]
[1, 77]
[1, 77]
[2, 77]
[1, 77]
[1, 77]
[1, 77]
[1, 77]
[1, 77]
[1, 77]
[1, 77]
[1, 77]
[1, 77]
[1, 77]
[1, 77]
[1, 77]
[1, 77]
[1, 77]
[1, 77]
[1, 77]
[1, 77]
[1, 77]
[1, 77]
[1, 77]
[1, 77]
[1, 77]
[1, 77]
[1, 77]
[1, 77]
[1, 77]
[1, 77]
[1, 77]
[1, 77]
[1, 77]
[1, 77]
[1, 77]
[1, 76]
[1, 76]
[1, 76]
[1, 76]
[1, 76]
[1, 76]
[1, 76]
[1, 76]
[1, 76]
[1, 76]
[1, 76]
[1, 75]
[1, 75]
[1, 75]
[1, 74]
[1, 74]
[1, 74]
[1, 74]
[1, 74]
[1, 74]
[1, 74]
[1, 74]
[1, 74]
[1, 74]
[1, 74]
[1, 74]
[1, 75]
[1, 75]
[1, 75]
[1, 75]
[1, 75]
[1, 75]
[1, 75]
[2, 75]
[1, 75]
[1, 75]
[1, 75]
[1, 75]
[1, 75]
[1, 75]
[1, 75]
[1, 75]
[1, 75]
[1, 75]
[1, 75]
[1, 75]
[2, 74]
[1, 74]
[2, 75]
[1, 75]
[1, 75]
[1, 75]
[1, 75]
[1, 75]
[1, 75]
[1, 75]
[1, 74]
[1, 74]
[1, 74]
[1, 73]
[1, 73]
[1, 73]
[1, 73]
[1, 73]
[1, 73]
[1, 73]
[1, 73]
[1, 73]
[1, 73]
[1, 73]
[1, 73]
[1, 73]
[1, 73]
[1, 73]
[1, 73]
[1, 73]
[1, 73]
[1, 73]
[2, 74]
[1, 74]
[1, 74]
[2, 74]
[1, 74]
[1, 74]
[1, 74]
[1, 74]
[1, 75]
[1, 75]
[1, 75]
[1, 75]
[1, 75]
[1, 75]
[1, 75]
[1, 75]
[1, 75]
[1, 75]
[1, 75]
[1, 75]
[1, 75]
[1, 75]
[1, 75]
[1, 75]
[1, 75]
[1, 75]
[1, 75]
[1, 76]
[1, 76]
[1, 76]
[1, 76]
[1, 76]
[1, 76]
[1, 76]
[2, 77]
[1, 77]
[1, 77]
[1, 77]
[1, 77]
[1, 77]
[1, 77]
[1, 77]
[1, 76]
[1, 76]
[1, 76]
[1, 76]
[1, 76]
[1, 76]
[1, 76]
[1, 76]
[1, 76]
[1, 76]
[1, 76]
[1, 76]
[1, 76]
[1, 76]
[1, 76]
[1, 76]
[1, 76]
[1, 76]
[1, 76]
[1, 76]
[1, 76]
[1, 76]
[2, 77]
[1, 77]
[1, 77]
[1, 77]
[1, 77]
[1, 77]
[1, 76]
[1, 76]
[1, 76]
[1, 76]
[1, 76]
[1, 76]
[1, 76]
[1, 76]
[1, 76]
[1, 76]
[1, 76]
[1, 76]
[2, 76]
[1, 76]
[1, 76]
[1, 76]
[1, 76]
[1, 76]
[1, 76]
[1, 76]
[2, 77]
[1, 77]
[1, 77]
[1, 77]
[1, 77]
[1, 77]
[1, 77]
[1, 77]
[1, 77]
[1, 77]
[1, 77]
[1, 77]
[1, 77]
[1, 77]
[1, 77]
[2, 77]
[1, 77]
[1, 77]
[1, 77]
[1, 77]
[1, 77]
[2, 77]
[1, 77]
[1, 78]
[1, 78]
[1, 78]
[1, 78]
[1, 79]
[1, 79]
[1, 79]
[1, 79]
[1, 79]
[1, 79]
[1, 79]
[1, 79]
[1, 79]
[1, 79]
[1, 79]
[1, 79]
[1, 79]
[1, 79]
[1, 79]
[1, 79]
[1, 79]
[1, 79]
[1, 79]
[1, 79]
[1, 79]
[1, 79]
[1, 79]
[1, 79]
[1, 79]
[1, 79]
[1, 79]
[1, 79]
[1, 79]
[1, 79]
[1, 79]
[1, 79]
[1, 79]
[1, 79]
[1, 79]
[1, 79]
[1, 79]
[1, 79]
[1, 79]
[1, 79]
[1, 79]
[1, 80]
[1, 80]
[1, 80]
[1, 80]
[1, 80]
[1, 80]
[1, 80]
[1, 80]
[1, 80]
[1, 80]
[1, 80]
[1, 80]
[1, 80]
[1, 80]
[2, 80]
[2, 79]
[1, 79]
[1, 79]
[1, 79]
[1, 79]
[1, 79]
[1, 79]
[1, 79]
[1, 79]
[1, 79]
[1, 79]
[1, 79]
[1, 80]
[1, 80]
[1, 80]
[1, 80]
[1, 80]
[1, 80]
[1, 80]
[1, 80]
[1, 80]
[1, 80]
[1, 80]
[1, 80]
[1, 80]
[1, 80]
[1, 80]
[2, 80]
[1, 80]
[1, 80]
[1, 80]
[2, 81]
[1, 81]
[1, 81]
[1, 81]
[1, 81]
[1, 81]
[1, 81]
[1, 81]
[1, 81]
[1, 81]
[1, 82]
[2, 81]
[1, 81]
[1, 81]
[1, 81]
[1, 81]
[1, 81]
[1, 81]
[1, 81]
[1, 81]
[1, 81]
[1, 81]
[1, 81]
[1, 81]
[1, 81]
[1, 81]
[1, 81]
[1, 81]
[1, 81]
[1, 81]
[1, 81]
[1, 81]
[1, 80]
[1, 80]
[1, 80]
[1, 79]
[1, 79]
[1, 79]
[1, 80]
[1, 80]
[1, 80]
[1, 79]
[1, 79]
[1, 79]
[1, 79]
[1, 79]
[1, 79]
[1, 79]
[1, 79]
[1, 79]
[1, 79]
[1, 79]
[1, 79]
[1, 79]
[1, 79]
[1, 79]
[1, 79]
[1, 79]
[1, 79]
[1, 79]
[1, 79]
[1, 79]
[1, 79]
[1, 79]
[1, 79]
[1, 79]
[1, 79]
[1, 79]
[1, 79]
[1, 79]
[1, 80]
[1, 80]
[1, 80]
[1, 80]
[1, 80]
[1, 80]
[1, 80]
[1, 81]
[1, 81]
[2, 81]
[3, 81]
[2, 81]
[1, 81]
[1, 81]
[1, 81]
[1, 81]
[1, 81]
[1, 81]
[2, 81]
[1, 81]
[1, 81]
[1, 82]
[2, 81]
[1, 80]
[1, 80]
[1, 79]
[1, 79]
[1, 79]
[1, 79]
[1, 79]
[1, 79]
[1, 79]
[1, 79]
[1, 79]
[1, 79]
[1, 79]
[1, 79]
[1, 79]
[2, 79]
[1, 79]
[1, 79]
[1, 79]
[1, 79]
[1, 79]
[1, 79]
[1, 79]
[1, 79]
[1, 79]
[1, 79]
[1, 79]
[1, 79]
[1, 79]
[1, 80]
[1, 80]
[2, 80]
[1, 80]
[1, 80]
[1, 80]
[1, 80]
[1, 79]
[1, 79]
[1, 79]
[1, 79]
[1, 79]
[1, 79]
[1, 79]
[1, 79]
[1, 79]
[1, 79]
[1, 79]
[1, 79]
[1, 79]
[1, 79]
[1, 79]
[1, 79]
[1, 80]
[1, 80]
[1, 80]
[1, 80]
[1, 80]
[1, 80]
[1, 80]
[1, 80]
[1, 80]
[1, 80]
[1, 80]
[2, 80]
[1, 80]
[1, 80]
[1, 80]
[1, 81]
[1, 81]
[1, 81]
[1, 80]
[1, 80]
[1, 80]
[1, 80]
[1, 80]
[1, 80]
[1, 80]
[1, 80]
[1, 80]
[1, 80]
[1, 80]
[1, 80]
[1, 80]
[1, 80]
[1, 80]
[1, 80]
[1, 80]
[1, 80]
[1, 80]
[1, 80]
[1, 80]
[1, 80]
[1, 80]
[1, 80]
[1, 80]
[1, 80]
[1, 80]
[1, 80]
[1, 79]
[1, 79]
[1, 79]
[1, 79]
[1, 79]
[1, 79]
[1, 79]
[1, 79]
[1, 79]
[1, 80]
[1, 80]
[1, 80]
[1, 80]
[1, 80]
[1, 80]
[1, 80]
[1, 80]
[1, 80]
[1, 80]
[1, 80]
[1, 80]
[1, 80]
[1, 80]
[1, 80]
[1, 80]
[1, 80]
[1, 80]
[1, 80]
[1, 80]
[1, 80]
[1, 80]
[1, 80]
[1, 80]
[1, 80]
[1, 80]
[1, 80]
[1, 80]
[1, 80]
[1, 80]
[1, 80]
[2, 80]
[1, 80]
[1, 80]
[1, 80]
[1, 81]
[1, 81]
[1, 81]
[1, 81]
[1, 81]
[1, 81]
[1, 81]
[1, 81]
[1, 81]
[1, 81]
[1, 81]
[1, 81]
[1, 81]
[1, 81]
[1, 80]
[1, 80]
[1, 79]
[1, 79]
[1, 79]
[1, 79]
[1, 79]
[1, 79]
[1, 79]
[1, 79]
[1, 79]
[1, 79]
[1, 79]
[1, 79]
[1, 79]
[1, 79]
[1, 79]
[1, 79]
[1, 79]
[1, 79]
[1, 79]
[1, 79]
[1, 79]
[1, 79]
[1, 79]
[1, 79]
[1, 79]
[1, 79]
[1, 79]
[1, 79]
[1, 79]
[1, 79]
[1, 79]
[1, 79]
[1, 79]
[1, 79]
[1, 79]
[2, 80]
[1, 80]
[1, 80]
[1, 80]
[1, 80]
[1, 80]
[1, 80]
[1, 80]
[1, 80]
[1, 80]
[1, 80]
[1, 80]
[1, 80]
[1, 80]
[1, 80]
[1, 80]
[1, 80]
[1, 80]
[1, 80]
[1, 80]
[1, 80]
[2, 80]
[3, 80]
[4, 80]
[5, 80]
[6, 79]
[7, 79]
[8, 79]
[9, 79]
[8, 79]
[9, 79]
[10, 79]
[11, 79]
[12, 79]
[13, 79]
[14, 79]
[15, 79]
[16, 79]
[17, 79]
[18, 79]
[19, 79]
[20, 79]
[21, 79]
[22, 79]
[23, 79]
[24, 79]
[25, 79]
[26, 79]
[27, 79]
[28, 79]
[29, 79]
[30, 79]
[31, 79]
[32, 79]
[33, 79]
[34, 79]
[35, 79]
[36, 79]
[37, 79]
[38, 79]
[39, 79]
[40, 79]
[41, 79]
[42, 79]
[43, 79]
[44, 79]
[45, 79]
[46, 79]
[46, 80]
[47, 80]
[48, 80]
[49, 80]
[50, 80]
[51, 80]
[52, 80]
[52, 79]
[53, 79]
[54, 79]
[55, 79]
[54, 80]
[55, 80]
[56, 80]
[57, 80]
[58, 80]
[59, 80]
[60, 80]
[61, 80]
[62, 80]
[63, 80]
[63, 81]
[64, 81]
[65, 81]
[66, 81]
[67, 81]
[68, 81]
[69, 81]
[70, 81]
[71, 81]
[72, 81]
[73, 81]
[74, 81]
[75, 81]
[76, 81]
[77, 81]
[78, 81]
[79, 81]
[80, 81]
[81, 81]
[82, 81]
[83, 81]
[84, 81]
[85, 81]
[86, 81]
[87, 81]
[88, 81]
[89, 81]
[90, 81]
[91, 81]
[92, 81]
[93, 81]
[94, 81]
[95, 81]
[96, 81]
[97, 81]
[98, 81]
[99, 81]
[100, 81]
[101, 81]
[102, 81]
[103, 81]
[104, 81]
[105, 81]
[106, 81]
[105, 80]
[106, 80]
[107, 80]
[106, 81]
[107, 81]
[107, 82]
[108, 81]
[108, 82]
[108, 81]
[108, 82]
[108, 81]
[108, 82]
[108, 81]
[108, 82]
[108, 81]
[109, 80]
[109, 81]
[109, 82]
[109, 81]
[109, 82]
[109, 81]
[109, 82]
[109, 81]
[109, 82]
[109, 81]
[109, 82]
[109, 81]
[109, 82]
[109, 81]
[109, 82]
[109, 81]
[109, 82]
[109, 81]
[108, 80]
[109, 81]
[110, 82]
[110, 81]
[110, 82]
[110, 83]
[110, 82]
[109, 81]
[109, 82]
[109, 81]
[108, 81]
[107, 81]
[106, 81]
[105, 81]
[104, 81]
[103, 81]
[102, 81]
[101, 81]
[100, 81]
[99, 81]
[98, 81]
[97, 81]
[96, 81]
[95, 81]
[94, 81]
[95, 82]
[95, 81]
[94, 81]
[93, 81]
[92, 81]
[91, 81]
[90, 81]
[89, 81]
[88, 81]
[87, 80]
[86, 80]
[85, 80]
[84, 80]
[83, 80]
[82, 80]
[81, 80]
[80, 80]
[79, 80]
[78, 80]
[77, 80]
[76, 80]
[75, 80]
[74, 80]
[75, 81]
[74, 81]
[73, 81]
[72, 81]
[71, 81]
[70, 81]
[69, 81]
[68, 81]
[67, 81]
[66, 81]
[65, 81]
[64, 81]
[63, 81]
[62, 81]
[61, 81]
[60, 81]
[60, 82]
[60, 81]
[59, 81]
[58, 81]
[57, 81]
[56, 81]
[55, 81]
[54, 81]
[53, 81]
[52, 81]
[51, 81]
[50, 82]
[50, 81]
[49, 82]
[49, 81]
[48, 82]
[48, 81]
[47, 82]
[47, 81]
[47, 80]
[46, 81]
[45, 82]
[45, 81]
[44, 82]
[44, 81]
[43, 82]
[43, 81]
[42, 82]
[42, 81]
[41, 82]
[42, 81]
[41, 82]
[41, 81]
[40, 82]
[40, 81]
[39, 82]
[38, 81]
[37, 82]
[37, 81]
[36, 82]
[36, 81]
[35, 82]
[34, 81]
[33, 82]
[33, 81]
[32, 82]
[32, 81]
[31, 82]
[31, 81]
[32, 80]
[33, 81]
[33, 80]
[32, 81]
[31, 82]
[31, 81]
[30, 82]
[30, 81]
[29, 82]
[29, 81]
[28, 82]
[28, 81]
[27, 82]
[27, 81]
[26, 82]
[26, 81]
[25, 82]
[25, 81]
[24, 82]
[24, 81]
[25, 80]
[24, 80]
[23, 81]
[22, 82]
[22, 81]
[21, 82]
[21, 81]
[20, 82]
[20, 81]
[19, 82]
[19, 81]
[18, 82]
[18, 81]
[17, 82]
[17, 81]
[16, 82]
[16, 81]
[15, 82]
[15, 83]
[15, 82]
[15, 81]
[14, 82]
[14, 81]
[13, 82]
[12, 82]
[12, 81]
[13, 80]
[12, 81]
[11, 82]
[11, 81]
[10, 82]
[10, 81]
[9, 80]
[8, 81]
[7, 82]
[7, 81]
[6, 82]
[6, 81]
[5, 82]
[5, 81]
[5, 80]
[6, 80]
[5, 81]
[4, 82]
[3, 82]
[3, 81]
[2, 82]
[2, 81]
[1, 82]
[1, 81]
[1, 82]
[1, 81]
[1, 82]
[1, 81]
[1, 82]
[1, 81]
[1, 82]
[1, 83]
[1, 82]
[1, 81]
[1, 82]
[1, 81]
[1, 82]
[1, 81]
[2, 81]
[2, 82]
[2, 81]
[2, 82]
[2, 81]
[2, 82]
[2, 81]
[2, 82]
[2, 81]
[2, 82]
[2, 81]
[2, 82]
[2, 81]
[2, 82]
[2, 81]
[2, 82]
[2, 81]
[2, 82]
[2, 81]
[2, 82]
[2, 81]
[2, 82]
[2, 81]
[2, 82]
[3, 81]
[3, 82]
[3, 83]
[4, 82]
[5, 81]
[5, 82]
[6, 81]
[6, 82]
[7, 81]
[7, 82]
[8, 81]
[8, 82]
[9, 81]
[10, 80]
[10, 81]
[10, 82]
[11, 81]
[11, 82]
[12, 81]
[12, 82]
[13, 81]
[13, 82]
[14, 81]
[14, 82]
[15, 81]
[15, 82]
[16, 81]
[16, 82]
[17, 81]
[17, 82]
[18, 81]
[18, 82]
[19, 81]
[19, 82]
[20, 81]
[20, 82]
[21, 81]
[21, 82]
[22, 81]
[22, 82]
[21, 82]
[22, 81]
[22, 82]
[23, 81]
[23, 82]
[23, 81]
[23, 82]
[24, 81]
[24, 82]
[25, 81]
[25, 82]
[25, 81]
[25, 82]
[26, 81]
[26, 82]
[27, 81]
[26, 80]
[26, 81]
[26, 80]
[26, 81]
[26, 82]
[27, 81]
[27, 82]
[28, 81]
[28, 82]
[29, 81]
[29, 82]
[30, 81]
[30, 82]
[31, 81]
[32, 81]
[32, 82]
[33, 81]
[33, 82]
[34, 81]
[34, 82]
[35, 82]
[34, 82]
[35, 81]
[35, 82]
[36, 81]
[36, 82]
[37, 81]
[37, 82]
[38, 81]
[38, 82]
[39, 81]
[39, 82]
[40, 81]
[40, 82]
[41, 81]
[41, 82]
[42, 81]
[42, 82]
[43, 81]
[43, 82]
[44, 81]
[44, 82]
[45, 81]
[45, 80]
[45, 81]
[46, 80]
[46, 81]
[45, 82]
[46, 81]
[46, 82]
[47, 81]
[47, 80]
[47, 81]
[47, 82]
[48, 81]
[47, 82]
[48, 81]
[48, 82]
[47, 82]
[48, 81]
[48, 82]
[49, 81]
[49, 82]
[50, 81]
[50, 82]
[51, 81]
[51, 82]
[52, 81]
[52, 82]
[51, 81]
[51, 82]
[50, 81]
[49, 81]
[49, 82]
[48, 81]
[48, 82]
[47, 81]
[47, 82]
[46, 81]
[46, 82]
[45, 81]
[45, 82]
[44, 81]
[44, 82]
[43, 81]
[43, 82]
[42, 81]
[42, 82]
[41, 81]
[41, 82]
[40, 81]
[40, 82]
[39, 81]
[39, 82]
[40, 82]
[39, 81]
[39, 82]
[38, 81]
[37, 80]
[37, 81]
[37, 82]
[36, 81]
[36, 82]
[35, 81]
[36, 81]
[36, 82]
[36, 83]
[35, 82]
[34, 81]
[34, 82]
[33, 81]
[33, 82]
[32, 81]
[31, 82]
[31, 83]
[32, 84]
[31, 83]
[30, 82]
[30, 83]
[29, 82]
[28, 81]
[27, 81]
[27, 82]
[26, 81]
[26, 82]
[25, 81]
[26, 82]
[25, 81]
[25, 82]
[24, 81]
[24, 82]
[24, 81]
[24, 82]
[23, 81]
[23, 82]
[22, 81]
[22, 82]
[21, 81]
[21, 82]
[20, 81]
[20, 82]
[19, 81]
[19, 82]
[18, 81]
[18, 82]
[17, 81]
[17, 82]
[16, 81]
[16, 82]
[15, 81]
[15, 82]
[14, 81]
[14, 82]
[13, 81]
[13, 82]
[12, 81]
[12, 82]
[11, 81]
[11, 82]
[10, 81]
[10, 82]
[9, 81]
[9, 82]
[8, 81]
[8, 82]
[7, 81]
[7, 82]
[6, 81]
[6, 82]
[5, 81]
[5, 82]
[4, 81]
[4, 82]
[3, 81]
[3, 82]
[2, 81]
[2, 82]
[1, 81]
[1, 82]
[2, 81]
[2, 82]
[3, 81]
[3, 82]
[4, 81]
[4, 80]
[4, 81]
[4, 82]
[5, 81]
[6, 80]
[6, 81]
[6, 82]
[7, 81]
[7, 82]
[8, 81]
[8, 82]
[9, 81]
[9, 82]
[10, 81]
[10, 82]
[11, 81]
[11, 82]
[10, 82]
[11, 81]
[11, 82]
[12, 81]
[12, 82]
[13, 81]
[13, 82]
[14, 81]
[14, 82]
[15, 81]
[15, 82]
[16, 81]
[16, 82]
[17, 81]
[17, 82]
[18, 81]
[18, 82]
[19, 81]
[19, 82]
[20, 81]
[20, 82]
[21, 81]
[21, 82]
[22, 81]
[22, 82]
[23, 83]
[24, 82]
[25, 81]
[25, 82]
[24, 83]
[25, 82]
[26, 81]
[26, 82]
[27, 81]
[27, 82]
[28, 81]
[29, 82]
[30, 81]
[30, 82]
[31, 81]
[31, 82]
[32, 81]
[32, 82]
[33, 81]
[33, 82]
[34, 81]
[34, 82]
[35, 81]
[36, 81]
[36, 82]
[37, 81]
[37, 82]
[37, 83]
[38, 82]
[39, 81]
[39, 82]
[40, 83]
[39, 83]
[40, 82]
[41, 81]
[41, 82]
[42, 81]
[42, 82]
[43, 81]
[43, 82]
[44, 81]
[44, 82]
[45, 81]
[45, 82]
[46, 81]
[46, 82]
[47, 81]
[47, 82]
[48, 81]
[48, 82]
[49, 81]
[49, 82]
[48, 81]
[48, 82]
[49, 81]
[49, 82]
[48, 81]
[48, 82]
[49, 81]
[49, 82]
[50, 81]
[50, 82]
[51, 81]
[51, 82]
[52, 81]
[52, 82]
[53, 81]
[53, 82]
[54, 81]
[54, 82]
[55, 81]
[55, 82]
[56, 81]
[56, 82]
[57, 81]
[56, 82]
[57, 81]
[57, 82]
[58, 81]
[58, 82]
[59, 81]
[59, 82]
[60, 81]
[60, 82]
[61, 81]
[61, 82]
[62, 81]
[62, 82]
[63, 81]
[63, 82]
[64, 81]
[64, 82]
[65, 81]
[65, 82]
[66, 81]
[66, 82]
[67, 81]
[67, 82]
[66, 82]
[67, 81]
[67, 82]
[68, 81]
[68, 82]
[69, 81]
[69, 82]
[70, 81]
[70, 82]
[71, 81]
[71, 82]
[72, 81]
[72, 82]
[73, 81]
[73, 82]
[73, 81]
[73, 82]
[74, 81]
[74, 82]
[75, 81]
[75, 82]
[76, 81]
[76, 82]
[77, 81]
[77, 82]
[78, 81]
[78, 82]
[78, 81]
[78, 82]
[79, 81]
[79, 82]
[80, 81]
[80, 82]
[81, 81]
[81, 82]
[82, 81]
[81, 82]
[82, 81]
[82, 82]
[83, 81]
[83, 82]
[84, 81]
[84, 82]
[85, 81]
[85, 82]
[86, 81]
[86, 82]
[87, 81]
[87, 82]
[88, 81]
[88, 82]
[89, 81]
[89, 82]
[90, 81]
[90, 82]
[91, 81]
[91, 82]
[91, 81]
[91, 82]
[92, 81]
[92, 82]
[93, 81]
[94, 82]
[95, 81]
[94, 80]
[94, 81]
[94, 82]
[95, 81]
[95, 82]
[96, 81]
[96, 82]
[97, 81]
[97, 82]
[98, 81]
[98, 82]
[99, 81]
[99, 82]
[100, 81]
[101, 81]
[101, 82]
[102, 81]
[102, 82]
[103, 81]
[103, 82]
[102, 81]
[102, 82]
[103, 81]
[103, 82]
[104, 81]
[104, 82]
[105, 81]
[105, 82]
[105, 81]
[105, 82]
[106, 81]
[106, 82]
[107, 81]
[106, 80]
[106, 81]
[106, 82]
[107, 81]
[107, 82]
[108, 81]
[108, 82]
[109, 81]
[110, 82]
[111, 81]
[111, 82]
[112, 81]
[112, 82]
[113, 81]
[113, 82]
[114, 81]
[114, 82]
[115, 81]
[115, 82]
[116, 81]
[116, 82]
[117, 81]
[117, 82]
[118, 81]
[118, 82]
[119, 81]
[119, 82]
[120, 81]
[120, 82]
[121, 81]
[121, 82]
[120, 82]
[121, 81]
[121, 82]
[122, 81]
[122, 82]
[123, 81]
[123, 82]
[124, 81]
[124, 82]
[125, 81]
[125, 82]
[126, 81]
[126, 82]
[127, 81]
[127, 82]
[128, 81]
[128, 82]
[129, 81]
[129, 82]
[130, 81]
[130, 82]
[131, 81]
[131, 82]
[132, 81]
[132, 82]
[133, 81]
[133, 82]
[134, 81]
[134, 82]
[135, 81]
[134, 80]
[134, 81]
[135, 82]
[136, 81]
[136, 82]
[137, 81]
[137, 82]
[138, 81]
[138, 82]
[139, 81]
[139, 82]
[140, 81]
[140, 82]
[141, 81]
[141, 82]
[142, 81]
[142, 80]
[142, 81]
[142, 82]
[143, 81]
[143, 82]
[144, 81]
[144, 82]
[145, 81]
[145, 82]
[144, 83]
[145, 82]
[146, 81]
[146, 82]
[147, 81]
[147, 82]
[148, 81]
[147, 82]
[148, 81]
[147, 80]
[147, 81]
[147, 82]
[148, 81]
[148, 82]
[149, 81]
[149, 82]
[150, 81]
[150, 82]
[151, 81]
[151, 82]
[152, 81]
[152, 82]
[153, 81]
[153, 82]
[154, 81]
[154, 82]
[155, 81]
[155, 82]
[156, 81]
[156, 82]
[157, 81]
[157, 82]
[158, 81]
[158, 82]
[159, 81]
[159, 82]
[160, 81]
[160, 82]
[161, 81]
[161, 82]
[162, 81]
[162, 82]
[163, 81]
[164, 80]
[164, 81]
[164, 82]
[165, 81]
[165, 82]
[166, 81]
[166, 82]
[167, 82]
[168, 81]
[169, 80]
[169, 81]
[169, 82]
[170, 81]
[171, 82]
[172, 81]
[172, 82]
[173, 81]
[173, 82]
[174, 81]
[175, 81]
[175, 82]
[176, 81]
[176, 82]
[177, 81]
[177, 82]
[178, 81]
[178, 82]
[179, 81]
[179, 82]
[180, 81]
[180, 82]
[181, 81]
[181, 82]
[182, 81]
[182, 82]
[183, 81]
[183, 82]
[184, 81]
[184, 82]
[185, 81]
[184, 81]
[184, 82]
[185, 81]
[185, 82]
[184, 81]
[184, 82]
[185, 81]
[185, 82]
[186, 81]
[187, 82]
[188, 81]
[189, 80]
[189, 81]
[189, 82]
[188, 83]
[189, 82]
[188, 83]
[189, 82]
[190, 81]
[190, 82]
[191, 81]
[191, 82]
[192, 81]
[192, 82]
[193, 81]
[193, 82]
[194, 81]
[195, 82]
[196, 81]
[196, 82]
[197, 81]
[198, 82]
[199, 81]
[199, 82]
[200, 81]
[200, 82]
[201, 81]
[201, 80]
[201, 81]
[201, 82]
[202, 81]
[202, 82]
[203, 81]
[203, 80]
[203, 81]
[203, 82]
[204, 81]
[204, 82]
[204, 81]
[204, 82]
[204, 81]
[204, 82]
[204, 81]
[204, 82]
[204, 81]
[204, 82]
[204, 81]
[204, 82]
[204, 81]
[204, 82]
[203, 83]
[203, 82]
[203, 81]
[203, 82]
[203, 81]
[203, 82]
[203, 81]
[203, 82]
[203, 81]
[203, 82]
[203, 81]
[203, 82]
[203, 81]
[203, 82]
[203, 81]
[203, 82]
[203, 81]
[203, 82]
[203, 81]
[203, 82]
[203, 81]
[202, 82]
[202, 81]
[202, 82]
[202, 81]
[202, 82]
[202, 81]
[202, 82]
[202, 81]
[202, 82]
[202, 81]
[202, 82]
[202, 81]
[202, 82]
[202, 81]
[202, 82]
[202, 81]
[202, 82]
[202, 81]
[202, 82]
[202, 81]
[203, 82]
[203, 81]
[204, 81]
[204, 82]
[204, 81]
[204, 82]
[204, 81]
[204, 82]
[204, 81]
[204, 82]
[203, 82]
[203, 81]
[203, 82]
[203, 81]
[203, 82]
[203, 81]
[203, 82]
[203, 81]
[202, 80]
[202, 81]
[202, 82]
[201, 82]
[201, 81]
[201, 82]
[201, 81]
[201, 82]
[201, 81]
[201, 82]
[201, 81]
[200, 82]
[200, 81]
[199, 80]
[199, 81]
[199, 82]
[199, 81]
[199, 82]
[199, 81]
[199, 82]
[199, 81]
[199, 82]
[200, 82]
[200, 81]
[200, 82]
[200, 81]
[200, 82]
[200, 81]
[200, 82]
[199, 82]
[199, 81]
[199, 82]
[199, 81]
[199, 82]
[199, 81]
[199, 82]
[199, 81]
[199, 82]
[199, 81]
[198, 82]
[199, 81]
[198, 82]
[198, 81]
[197, 82]
[197, 81]
[196, 82]
[196, 81]
[195, 82]
[195, 81]
[196, 81]
[195, 82]
[195, 81]
[194, 82]
[194, 81]
[193, 82]
[193, 81]
[192, 82]
[192, 81]
[191, 80]
[192, 79]
[191, 80]
[190, 81]
[189, 82]
[189, 81]
[188, 82]
[188, 81]
[187, 82]
[187, 81]
[186, 82]
[186, 81]
[185, 82]
[185, 81]
[184, 82]
[184, 81]
[184, 82]
[184, 81]
[183, 82]
[183, 81]
[182, 82]
[182, 81]
[181, 81]
[180, 82]
[180, 81]
[179, 82]
[179, 81]
[178, 80]
[177, 79]
[176, 78]
[175, 77]
[174, 76]
[173, 75]
[172, 74]
[171, 73]
[170, 72]
[170, 71]
[169, 70]
[168, 69]
[167, 68]
[166, 67]
[165, 66]
[164, 65]
[163, 64]
[162, 63]
[161, 62]
[160, 61]
[159, 60]
[158, 59]
[157, 58]
[156, 57]
[155, 56]
[154, 55]
[153, 54]
[152, 53]
[151, 52]
[150, 51]
[149, 50]
[148, 49]
[147, 48]
[148, 47]
[147, 46]
[146, 45]
[145, 44]
[144, 43]
[143, 42]
[142, 41]
[141, 40]
[140, 39]
[139, 38]
[138, 37]
[137, 36]
[136, 35]
[135, 34]
[134, 33]
[133, 32]
[132, 31]
[131, 30]
[130, 29]
[129, 28]
[128, 27]
[127, 28]
[126, 29]
[125, 30]
[124, 31]
[123, 32]
[122, 33]
[121, 34]
[120, 35]
[119, 36]
[118, 37]
[117, 38]
[116, 39]
[116, 38]
[115, 39]
[116, 40]
[115, 41]
[114, 42]
[113, 43]
[112, 44]
[111, 45]
[112, 46]
[112, 47]
[111, 48]
[110, 48]
[109, 49]
[108, 50]
[107, 51]
[106, 52]
[105, 53]
[104, 54]
[103, 55]
[102, 56]
[101, 57]
[100, 58]
[99, 59]
[98, 60]
[97, 61]
[96, 62]
[95, 63]
[94, 64]
[93, 65]
[92, 64]
[91, 65]
[90, 66]
[89, 67]
[88, 68]
[87, 69]
[86, 70]
[85, 71]
[84, 72]
[83, 73]
[82, 74]
[81, 75]
[80, 76]
[79, 77]
[78, 78]
[77, 79]
[76, 80]
[75, 81]
[74, 82]
[74, 81]
[75, 81]
[74, 82]
[74, 83]
[74, 82]
[74, 81]
[73, 82]
[73, 81]
[72, 82]
[72, 81]
[71, 82]
[71, 81]
[70, 82]
[70, 81]
[69, 82]
[69, 81]
[68, 82]
[68, 81]
[67, 82]
[67, 81]
[66, 82]
[66, 81]
[65, 82]
[65, 81]
[64, 82]
[64, 81]
[63, 82]
[63, 81]
[62, 82]
[62, 81]
[61, 82]
[61, 81]
[60, 82]
[60, 81]
[59, 82]
[59, 81]
[58, 82]
[58, 81]
[57, 82]
[57, 81]
[56, 82]
[56, 81]
[55, 82]
[55, 81]
[54, 82]
[54, 81]
[53, 82]
[53, 81]
[52, 80]
[51, 81]
[50, 82]
[50, 81]
[49, 82]
[49, 81]
[48, 82]
[48, 81]
[47, 82]
[47, 81]
[46, 80]
[45, 81]
[44, 82]
[44, 81]
[43, 82]
[43, 81]
[42, 82]
[42, 83]
[42, 82]
[42, 81]
[41, 82]
[41, 81]
[40, 82]
[40, 81]
[39, 82]
[39, 81]
[38, 82]
[39, 82]
[39, 81]
[40, 80]
[39, 81]
[38, 82]
[38, 83]
[38, 82]
[38, 81]
[37, 82]
[37, 81]
[36, 82]
[36, 81]
[35, 82]
[35, 81]
[34, 82]
[34, 81]
[33, 82]
[33, 81]
[32, 82]
[33, 82]
[34, 81]
[33, 82]
[34, 81]
[33, 82]
[34, 81]
[33, 82]
[34, 81]
[33, 82]
[34, 81]
[33, 82]
[32, 81]
[31, 82]
[32, 81]
[31, 82]
[32, 81]
[31, 82]
[32, 81]
[31, 82]
[32, 81]
[31, 82]
[32, 81]
[31, 82]
[31, 81]
[30, 82]
[31, 81]
[30, 82]
[31, 81]
[30, 82]
[31, 81]
[31, 82]
[32, 81]
[31, 82]
[32, 81]
[31, 82]
[32, 81]
[31, 82]
[32, 81]
[31, 82]
[32, 81]
[31, 82]
[32, 81]
[31, 82]
[32, 81]
[31, 82]
[32, 81]
[31, 82]
[32, 81]
[31, 82]
[32, 81]
[31, 82]
[32, 81]
[31, 82]
[32, 81]
[31, 82]
[32, 81]
[31, 82]
[32, 81]
[31, 82]
[32, 81]
[31, 82]
[32, 81]
[31, 82]
[32, 81]
[31, 82]
[32, 81]
[31, 82]
[32, 81]
[31, 82]
[32, 81]
[31, 82]
[32, 81]
[31, 82]
[32, 81]
[31, 82]
[32, 81]
[31, 82]
[32, 82]
[33, 81]
[32, 82]
[33, 81]
[32, 82]
[33, 81]
[32, 82]
[33, 81]
[32, 80]
[31, 81]
[30, 82]
[30, 81]
[29, 82]
[30, 81]
[29, 82]
[30, 81]
[29, 82]
[30, 81]
[29, 82]
[28, 81]
[27, 80]
[26, 79]
[25, 78]
[24, 77]
[23, 76]
[22, 75]
[21, 74]
[20, 73]
[19, 72]
[18, 71]
[17, 70]
[16, 70]
[15, 69]
[14, 68]
[13, 67]
[12, 66]
[11, 65]
[10, 64]
[9, 63]
[8, 62]
[7, 61]
[6, 60]
[5, 59]
[4, 58]
[3, 57]
[2, 56]
[1, 55]
[1, 54]
[2, 53]
[1, 52]
[1, 51]
[1, 51]
[1, 50]
[1, 49]
[1, 48]
[1, 47]
[1, 46]
[1, 45]
[1, 44]
[1, 43]
[1, 42]
[1, 41]
[1, 40]
[1, 39]
[1, 38]
[1, 37]
[1, 36]
[1, 35]
[1, 34]
[1, 33]
[1, 32]
[1, 31]
[1, 30]
[2, 31]
[1, 30]
[1, 29]
[1, 28]
[1, 27]
[1, 26]
[1, 25]
[1, 24]
[1, 23]
[1, 22]
[1, 21]
[1, 20]
[1, 19]
[1, 18]
[1, 17]
[1, 16]
[1, 15]
[1, 14]
[1, 13]
[1, 12]
[1, 13]
[1, 12]
[1, 11]
[1, 10]
[1, 9]
[1, 8]
[1, 7]
[1, 6]
[1, 5]
[1, 4]
[1, 4]
[1, 3]
[1, 2]
[1, 1]
[1, 1]
[1, 1]
[1, 1]
[1, 1]
[1, 2]
[1, 1]
[1, 2]
[1, 1]
[1, 1]
[2, 1]
[1, 1]
[1, 1]
[1, 1]
[1, 1]
[1, 1]
[1, 1]
[2, 2]
[1, 1]
[1, 1]
[1, 1]
[1, 1]
[1, 1]
[1, 1]
[1, 2]
[1, 1]
[1, 1]
[1, 1]
[1, 1]
[1, 1]
[2, 2]
[1, 1]
[1, 1]
[1, 1]
[1, 1]
[1, 1]
[1, 1]
[1, 1]
[1, 1]
[1, 1]
[1, 1]
[1, 1]
[1, 1]
[1, 1]
[1, 1]
[1, 1]
[1, 1]
[1, 1]
[1, 1]
[1, 1]
[1, 1]
[1, 1]
[1, 1]
[1, 1]
[1, 1]
[1, 1]
[1, 1]
[1, 1]
[1, 1]
[1, 1]
[1, 1]
[1, 1]
[1, 1]
[1, 1]
[1, 2]
[1, 1]
[1, 1]
[1, 1]
[1, 1]
[1, 1]
[1, 1]
[1, 1]
[1, 2]
[1, 1]
[1, 1]
[1, 1]
[1, 1]
[1, 1]
[1, 1]
[1, 1]
[1, 1]
[1, 1]
[1, 1]
[1, 1]
[1, 1]
[1, 1]
[1, 1]
[1, 1]
[1, 1]
[1, 1]
[2, 1]
[1, 1]
[1, 1]
[1, 1]
[1, 1]
[1, 1]
[1, 1]
[1, 1]
[1, 1]
[1, 1]
[1, 1]
[1, 1]
[1, 1]
[1, 1]
[1, 2]
[1, 1]
[1, 1]
[1, 1]
[2, 1]
[1, 1]
[1, 1]
[1, 1]
[1, 1]
[1, 1]
[1, 1]
[1, 1]
[1, 1]
[1, 1]
[1, 1]
[1, 1]
[1, 1]
[1, 2]
[1, 1]
[1, 1]
[1, 1]
[1, 1]
[1, 1]
[1, 1]
[1, 1]
[1, 1]
[1, 1]
[1, 1]
[1, 1]
[1, 1]
[1, 1]
[1, 1]
[1, 1]
[1, 1]
[1, 1]
[1, 1]
[1, 1]
[1, 1]
[1, 1]
[1, 1]
[1, 1]
[1, 1]
[1, 1]
[1, 1]
[1, 1]
[1, 1]
[1, 1]
[1, 1]
[1, 1]
[1, 1]
[1, 1]
[2, 1]
[3, 1]
[2, 1]
[1, 1]
[1, 1]
[1, 1]
[1, 1]
[1, 1]
[1, 1]
[2, 1]
[2, 2]
[1, 1]
[1, 1]
[1, 1]
[1, 1]
[1, 1]
[1, 1]
[1, 1]
[2, 1]
[3, 1]
[4, 1]
[5, 1]
[6, 1]
[7, 1]
[8, 1]
[9, 1]
[10, 1]
[11, 1]
[12, 1]
[13, 1]
[14, 1]
[14, 1]
[15, 1]
[16, 1]
[17, 1]
[18, 1]
[19, 1]
[20, 1]
[21, 1]
[20, 2]
[21, 2]
[22, 2]
[23, 2]
[24, 2]
[25, 2]
[26, 2]
[27, 2]
[28, 2]
[29, 2]
[30, 2]
[31, 2]
[32, 2]
[33, 2]
[34, 2]
[35, 2]
[36, 2]
[37, 2]
[38, 2]
[39, 2]
[40, 2]
[41, 2]
[42, 2]
[43, 2]
[44, 2]
[45, 2]
[46, 2]
[47, 2]
[48, 2]
[49, 2]
[50, 2]
[51, 2]
[52, 2]
[52, 3]
[53, 3]
[54, 3]
[55, 3]
[56, 3]
[57, 3]
[58, 3]
[59, 3]
[60, 3]
[61, 3]
[62, 3]
[63, 4]
[64, 4]
[65, 4]
[65, 3]
[64, 4]
[65, 4]
[66, 4]
[67, 4]
[68, 4]
[69, 4]
[70, 4]
[71, 4]
[71, 3]
[72, 3]
[73, 3]
[74, 3]
[75, 3]
[76, 3]
[77, 3]
[78, 3]
[79, 3]
[80, 3]
[81, 3]
[80, 2]
[81, 2]
[82, 2]
[83, 2]
[84, 2]
[85, 2]
[86, 2]
[87, 2]
[88, 2]
[88, 1]
[87, 1]
[88, 1]
[89, 1]
[90, 1]
[91, 1]
[92, 1]
[93, 1]
[94, 1]
[95, 1]
[96, 1]
[97, 1]
[98, 1]
[99, 1]
[100, 1]
[101, 1]
[102, 1]
[103, 1]
[104, 1]
[105, 1]
[106, 1]
[107, 1]
[108, 1]
[109, 1]
[110, 1]
[111, 1]
[112, 1]
[113, 1]
[114, 1]
[115, 1]
[116, 1]
[117, 1]
[118, 1]
[119, 1]
[120, 1]
[121, 1]
[122, 1]
[123, 1]
[124, 1]
[125, 1]
[124, 1]
[125, 1]
[126, 1]
[127, 1]
[128, 1]
[129, 1]
[130, 1]
[131, 1]
[132, 1]
[133, 1]
[134, 1]
[135, 1]
[136, 1]
[137, 1]
[137, 2]
[138, 2]
[139, 2]
[140, 2]
[141, 2]
[142, 2]
[143, 2]
[144, 2]
[145, 2]
[146, 2]
[147, 2]
[148, 2]
[149, 2]
[150, 2]
[151, 2]
[152, 2]
[153, 2]
[154, 1]
[155, 1]
[156, 1]
[157, 1]
[158, 1]
[159, 1]
[160, 1]
[161, 1]
[162, 1]
[163, 1]
[164, 1]
[165, 1]
[166, 1]
[167, 1]
[168, 1]
[169, 1]
[170, 1]
[169, 1]
[168, 1]
[168, 2]
[167, 2]
[166, 2]
[165, 2]
[164, 2]
[163, 2]
[162, 2]
[161, 2]
[160, 2]
[159, 2]
[158, 2]
[157, 2]
[156, 2]
[155, 2]
[154, 2]
[153, 2]
[152, 2]
[151, 2]
[150, 2]
[150, 1]
[149, 1]
[148, 1]
[147, 1]
[146, 1]
[145, 1]
[144, 1]
[143, 1]
[142, 1]
[141, 1]
[140, 1]
[139, 1]
[138, 1]
[137, 1]
[136, 1]
[135, 1]
[134, 1]
[133, 1]
[132, 1]
[131, 1]
[130, 1]
[131, 1]
[130, 1]
[129, 1]
[128, 1]
[127, 1]
[126, 1]
[125, 1]
[124, 1]
[123, 1]
[122, 1]
[121, 1]
[120, 1]
[119, 1]
[118, 1]
[117, 1]
[116, 1]
[115, 1]
[114, 1]
[113, 1]
[112, 1]
[111, 1]
[110, 1]
[109, 1]
[108, 1]
[107, 1]
[106, 1]
[105, 1]
[104, 1]
[103, 1]
[102, 1]
[101, 1]
[100, 1]
[99, 1]
[98, 1]
[97, 1]
[96, 1]
[95, 1]
[94, 1]
[93, 1]
[92, 1]
[91, 1]
[90, 1]
[89, 1]
[88, 1]
[87, 1]
[86, 1]
[85, 1]
[84, 1]
[83, 1]
[82, 1]
[81, 1]
[80, 1]
[79, 1]
[79, 1]
[78, 2]
[79, 3]
[80, 4]
[79, 4]
[78, 4]
[77, 4]
[76, 3]
[77, 4]
[76, 4]
[76, 5]
[75, 5]
[74, 5]
[75, 4]
[74, 4]
[73, 4]
[72, 4]
[71, 4]
[70, 4]
[71, 5]
[70, 5]
[69, 5]
[68, 5]
[67, 5]
[66, 5]
[65, 5]
[64, 5]
[63, 5]
[64, 4]
[63, 4]
[62, 4]
[61, 4]
[60, 4]
[61, 4]
[60, 4]
[61, 3]
[60, 3]
[59, 3]
[58, 3]
[57, 3]
[56, 3]
[55, 3]
[54, 3]
[53, 3]
[52, 3]
[51, 3]
[50, 3]
[49, 3]
[48, 3]
[47, 3]
[48, 3]
[47, 3]
[46, 3]
[45, 3]
[44, 3]
[43, 4]
[42, 4]
[41, 4]
[40, 4]
[39, 4]
[40, 3]
[39, 3]
[38, 3]
[37, 3]
[38, 2]
[37, 2]
[36, 2]
[35, 2]
[34, 2]
[33, 2]
[32, 1]
[31, 1]
[30, 1]
[29, 1]
[28, 1]
[29, 1]
[28, 1]
[27, 1]
[26, 1]
[25, 1]
[24, 1]
[23, 1]
[22, 1]
[21, 1]
[20, 1]
[19, 1]
[18, 1]
[17, 1]
[16, 1]
[15, 1]
[14, 1]
[13, 1]
[12, 1]
[11, 1]
[10, 1]
[11, 1]
[10, 1]
[9, 1]
[8, 1]
[7, 1]
[6, 1]
[5, 1]
[4, 1]
[3, 1]
[2, 1]
[1, 1]
[1, 1]
[1, 1]
[1, 1]
[1, 1]
[1, 1]
[1, 1]
[1, 1]
[1, 1]
[1, 1]
[1, 1]
[1, 1]
[1, 1]
[1, 1]
[1, 1]
[1, 1]
[1, 1]
[1, 1]
[1, 1]
[1, 1]
[1, 1]
[1, 1]
[1, 1]
[1, 1]
[1, 1]
[1, 1]
[1, 1]
[1, 1]
[1, 1]
[1, 1]
[1, 1]
[1, 1]
[1, 2]
[1, 2]
[1, 2]
[1, 2]
[1, 2]
[1, 2]
[1, 2]
[1, 2]
[1, 2]
[1, 2]
[1, 2]
[1, 2]
[1, 2]
[1, 2]
[1, 2]
[1, 2]
[1, 2]
[1, 2]
[1, 2]
[1, 2]
[1, 2]
[1, 2]
[1, 2]
[1, 2]
[1, 2]
[1, 2]
[1, 2]
[1, 2]
[1, 2]
[1, 2]
[1, 2]
[1, 2]
[1, 2]
[1, 2]
[1, 2]
[1, 2]
[1, 2]
[1, 3]
[1, 3]
[1, 3]
[1, 3]
[1, 3]
[1, 3]
[1, 3]
[1, 3]
[1, 3]
[1, 2]
[1, 2]
[1, 2]
[1, 2]
[1, 2]
[1, 2]
[1, 2]
[1, 2]
[1, 2]
[2, 1]
[1, 1]
[1, 1]
[1, 1]
[1, 1]
[1, 1]
[1, 1]
[1, 1]
[1, 1]
[1, 1]
[1, 1]
[1, 1]
[1, 1]
[1, 1]
[1, 1]
[1, 1]
[1, 1]
[1, 1]
[1, 1]
[1, 1]
[1, 1]
[1, 1]
[1, 1]
[1, 1]
[1, 1]
[1, 1]
[1, 1]
[1, 1]
[1, 1]
[1, 1]
[1, 1]
[1, 1]
[1, 1]
[1, 1]
[1, 1]
[1, 1]
[1, 1]
[1, 1]
[1, 1]
[1, 1]
[1, 1]
[1, 1]
[1, 1]
[1, 1]
[1, 1]
[1, 1]
[1, 1]
[1, 1]
[1, 1]
[1, 1]
[1, 1]
[1, 1]
[1, 1]
[2, 2]
[1, 2]
[1, 2]
[1, 2]
[1, 2]
[1, 2]
[1, 2]
[1, 2]
[1, 2]
[1, 2]
[1, 2]
[1, 2]
[1, 2]
[1, 2]
[1, 2]
[1, 2]
[1, 2]
[1, 3]
[1, 3]
[1, 3]
[1, 3]
[1, 3]
[1, 3]
[1, 3]
[1, 3]
[1, 3]
[1, 3]
[1, 3]
[1, 3]
[1, 3]
[1, 3]
[1, 3]
[1, 3]
[1, 3]
[1, 3]
[1, 3]
[1, 3]
[1, 3]
[1, 3]
[1, 3]
[1, 3]
[1, 3]
[1, 3]
[1, 3]
[1, 3]
[1, 3]
[1, 3]
[1, 3]
[1, 3]
[1, 3]
[1, 3]
[1, 3]
[1, 3]
[2, 3]
[1, 3]
[1, 3]
[1, 3]
[1, 3]
[1, 3]
[1, 3]
[1, 2]
[1, 2]
[1, 2]
[1, 1]
[1, 1]
[1, 1]
[1, 1]
[1, 1]
[1, 1]
[1, 1]
[1, 1]
[1, 1]
[1, 1]
[1, 1]
[1, 1]
[1, 1]
[1, 1]
[1, 1]
[1, 1]
[1, 1]
[1, 1]
[1, 1]
[1, 1]
[1, 1]
[1, 1]
[1, 1]
[1, 1]
[1, 1]
[1, 1]
[1, 1]
[1, 1]
[1, 1]
[1, 1]
[1, 1]
[1, 1]
[2, 1]
[1, 1]
[1, 1]
[1, 1]
[1, 1]
[1, 2]
[1, 2]
[1, 2]
[1, 2]
[1, 2]
[1, 2]
[1, 2]
[1, 2]
[1, 2]
[1, 2]
[1, 3]
[1, 3]
[1, 3]
[1, 3]
[1, 4]
[1, 4]
[1, 4]
[1, 4]
[1, 4]
[1, 4]
[1, 4]
[1, 4]
[1, 4]
[1, 4]
[1, 4]
[1, 5]
[1, 5]
[1, 5]
[1, 5]
[1, 5]
[1, 5]
[1, 5]
[1, 5]
[1, 5]
[1, 5]
[1, 5]
[1, 5]
[1, 5]
[1, 5]
[1, 5]
[1, 5]
[2, 6]
[1, 6]
[1, 6]
[2, 7]
[1, 7]
[1, 7]
[1, 7]
[1, 7]
[1, 7]
[1, 7]
[1, 7]
[1, 7]
[1, 8]
[1, 8]
[1, 8]
[1, 8]
[2, 9]
[1, 9]
[1, 9]
[1, 9]
[1, 9]
[1, 9]
[1, 9]
[1, 9]
[1, 9]
[1, 9]
[1, 9]
[2, 8]
[1, 8]
[1, 8]
[1, 8]
[1, 8]
[1, 8]
[1, 8]
[1, 8]
[1, 8]
[1, 8]
[1, 8]
[1, 8]
[1, 8]
[1, 9]
[1, 9]
[1, 9]
[1, 9]
[1, 9]
[1, 9]
[1, 9]
[1, 9]
[1, 9]
[1, 9]
[1, 9]
[1, 9]
[1, 9]
[1, 9]
[1, 9]
[1, 9]
[1, 9]
[1, 9]
[1, 9]
[1, 9]
[1, 9]
[1, 9]
[1, 9]
[1, 9]
[1, 9]
[1, 9]
[1, 9]
[1, 9]
[1, 9]
[1, 9]
[1, 9]
[1, 9]
[1, 9]
[1, 9]
[2, 9]
[3, 9]
[4, 9]
[3, 9]
[4, 9]
[5, 9]
[6, 9]
[7, 9]
[8, 9]
[9, 9]
[10, 9]
[11, 9]
[12, 9]
[13, 9]
[14, 9]
[15, 9]
[16, 9]
[17, 9]
[18, 9]
[19, 9]
[20, 9]
[21, 9]
[22, 9]
[23, 9]
[24, 9]
[25, 9]
[26, 9]
[27, 9]
[28, 9]
[29, 9]
[30, 9]
[31, 9]
[32, 9]
[33, 9]
[34, 9]
[35, 9]
[36, 9]
[37, 9]
[38, 9]
[39, 9]
[38, 8]
[37, 7]
[36, 6]
[35, 5]
[34, 4]
[33, 3]
[32, 2]
[31, 1]
[30, 1]
[29, 1]
[28, 1]
[27, 1]
[26, 1]
[25, 1]
[24, 1]
[23, 1]
[22, 1]
[21, 1]
[20, 1]
[19, 1]
[18, 1]
[17, 1]
[16, 1]
[15, 1]
[14, 1]
[13, 1]
[12, 2]
[12, 1]
[11, 1]
[10, 1]
[9, 1]
[8, 1]
[7, 1]
[6, 1]
[5, 1]
[4, 1]
[5, 1]
[4, 1]
[3, 1]
[2, 1]
[1, 1]
[1, 1]
[1, 1]
[1, 1]
[1, 1]
[1, 1]
[1, 1]
[1, 1]
[1, 1]
[1, 1]
[1, 1]
[1, 1]
[1, 1]
[1, 1]
[1, 1]
[2, 2]
[1, 1]
[1, 1]
[1, 1]
[1, 1]
[1, 1]
[1, 1]
[1, 1]
[1, 1]
[1, 1]
[1, 1]
[1, 1]
[1, 1]
[1, 1]
[1, 1]
[1, 1]
[1, 1]
[1, 1]
[1, 1]
[1, 1]
[1, 1]
[1, 1]
[2, 1]
[1, 1]
[1, 1]
[1, 1]
[1, 1]
[1, 1]
[1, 1]
[1, 1]
[1, 1]
[1, 1]
[1, 1]
[1, 1]
[1, 1]
[1, 1]
[1, 1]
[1, 1]
[1, 1]
[1, 1]
[1, 1]
[1, 1]
[1, 1]
[1, 1]
[1, 1]
[1, 1]
[1, 1]
[1, 1]
[1, 1]
[1, 1]
[1, 1]
[1, 1]
[1, 1]
[1, 1]
[2, 1]
[1, 1]
[1, 1]
[2, 2]
[1, 1]
[1, 1]
[1, 1]
[2, 2]
[1, 1]
[1, 1]
[1, 1]
[1, 1]
[1, 1]
[1, 1]
[1, 1]
[1, 1]
[1, 1]
[1, 1]
[1, 1]
[1, 1]
[1, 1]
[1, 1]
[1, 1]
[1, 1]
[1, 1]
[1, 1]
[1, 1]
[1, 1]
[1, 1]
[1, 1]
[1, 1]
[1, 1]
[1, 1]
[1, 1]
[1, 1]
[1, 1]
[1, 1]
[1, 1]
[1, 1]
[1, 1]
[1, 1]
[1, 1]
[2, 1]
[1, 1]
[1, 1]
[1, 1]
[1, 1]
[1, 1]
[2, 2]
[1, 1]
[1, 1]
[1, 1]
[2, 2]
[1, 3]
[1, 2]
[2, 1]
[1, 1]
[1, 1]
[1, 1]
[1, 1]
[1, 1]
[1, 1]
[1, 1]
[1, 1]
[1, 1]
[1, 1]
[1, 1]
[1, 1]
[1, 1]
[1, 1]
[1, 1]
[1, 1]
[1, 1]
[1, 1]
[1, 1]
[1, 1]
[1, 1]
[1, 1]
[1, 1]
[1, 1]
[1, 1]
[1, 1]
[1, 1]
[1, 1]
[1, 1]
[1, 1]
[2, 1]
[3, 1]
[4, 1]
[5, 1]
[6, 1]
[7, 1]
[8, 1]
[9, 1]
[10, 2]
[11, 2]
[12, 2]
[13, 2]
[14, 2]
[15, 2]
[16, 2]
[17, 2]
[18, 2]
[19, 2]
[20, 2]
[20, 1]
[21, 1]
[22, 1]
[22, 2]
[23, 2]
[24, 2]
[25, 2]
[26, 2]
[27, 2]
[28, 2]
[29, 2]
[30, 2]
[29, 3]
[29, 4]
[30, 4]
[31, 4]
[32, 4]
[33, 4]
[34, 4]
[35, 4]
[36, 4]
[37, 4]
[38, 4]
[39, 4]
[40, 3]
[41, 3]
[42, 3]
[43, 3]
[44, 3]
[45, 3]
[46, 3]
[47, 3]
[48, 3]
[49, 3]
[50, 3]
[51, 3]
[52, 3]
[53, 3]
[54, 3]
[55, 3]
[56, 3]
[57, 3]
[58, 3]
[59, 3]
[60, 3]
[61, 3]
[60, 3]
[61, 4]
[62, 4]
[63, 4]
[64, 5]
[65, 5]
[66, 5]
[67, 5]
[68, 5]
[69, 5]
[68, 5]
[69, 5]
[70, 5]
[71, 5]
[72, 5]
[73, 5]
[74, 5]
[75, 5]
[76, 5]
[77, 5]
[78, 5]
[79, 5]
[80, 5]
[81, 5]
[82, 5]
[83, 5]
[84, 5]
[85, 5]
[86, 5]
[87, 5]
[88, 5]
[89, 5]
[90, 5]
[91, 6]
[92, 6]
[93, 6]
[94, 6]
[95, 6]
[96, 6]
[97, 6]
[98, 6]
[99, 6]
[100, 6]
[101, 6]
[102, 6]
[103, 6]
[104, 6]
[105, 6]
[106, 6]
[107, 6]
[108, 6]
[109, 6]
[110, 6]
[111, 6]
[112, 6]
[113, 6]
[112, 6]
[113, 6]
[114, 6]
[115, 6]
[116, 6]
[117, 6]
[118, 6]
[117, 6]
[118, 6]
[119, 6]
[120, 6]
[121, 6]
[122, 6]
[123, 6]
[124, 6]
[125, 6]
[126, 6]
[127, 6]
[128, 6]
[129, 6]
[130, 7]
[131, 7]
[132, 7]
[133, 7]
[134, 7]
[135, 7]
[136, 7]
[137, 7]
[138, 7]
[139, 8]
[140, 8]
[141, 8]
[142, 8]
[143, 8]
[144, 8]
[145, 8]
[146, 8]
[147, 8]
[148, 8]
[149, 8]
[150, 8]
[151, 8]
[152, 8]
[153, 8]
[154, 9]
[153, 8]
[152, 7]
[151, 6]
[152, 7]
[151, 6]
[150, 5]
[149, 4]
[149, 3]
[148, 2]
[147, 1]
[146, 1]
[145, 1]
[144, 1]
[143, 1]
[142, 1]
[143, 1]
[142, 1]
[141, 1]
[140, 1]
[139, 1]
[138, 1]
[137, 1]
[136, 1]
[135, 1]
[134, 1]
[133, 1]
[132, 1]
[131, 1]
[130, 1]
[131, 2]
[130, 1]
[129, 1]
[128, 1]
[127, 1]
[126, 1]
[125, 1]
[124, 1]
[123, 1]
[122, 1]
[121, 1]
[120, 1]
[119, 1]
[118, 1]
[117, 1]
[116, 1]
[115, 1]
[114, 1]
[114, 1]
[113, 1]
[112, 1]
[111, 1]
[110, 1]
[109, 1]
[108, 1]
[107, 1]
[106, 1]
[105, 1]
[104, 1]
[103, 1]
[102, 2]
[101, 1]
[100, 1]
[99, 1]
[100, 1]
[99, 1]
[98, 1]
[97, 1]
[96, 1]
[95, 1]
[94, 1]
[95, 1]
[94, 1]
[93, 1]
[92, 1]
[91, 1]
[92, 1]
[91, 1]
[90, 1]
[89, 1]
[88, 1]
[87, 1]
[86, 1]
[85, 1]
[84, 1]
[83, 1]
[82, 1]
[81, 1]
[80, 1]
[79, 1]
[78, 1]
[77, 1]
[76, 1]
[77, 1]
[76, 1]
[75, 1]
[76, 1]
[75, 1]
[74, 1]
[73, 1]
[72, 1]
[71, 1]
[70, 1]
[69, 1]
[68, 1]
[67, 1]
[66, 1]
[65, 1]
[64, 1]
[63, 1]
[62, 1]
[61, 1]
[60, 1]
[59, 1]
[58, 1]
[59, 1]
[60, 1]
[61, 1]
[62, 1]
[63, 1]
[64, 1]
[65, 1]
[66, 1]
[67, 1]
[68, 1]
[69, 1]
[70, 1]
[71, 1]
[72, 1]
[73, 1]
[74, 1]
[75, 1]
[76, 1]
[77, 1]
[78, 1]
[79, 1]
[80, 1]
[81, 1]
[82, 1]
[83, 1]
[82, 1]
[81, 1]
[80, 1]
[79, 1]
[78, 1]
[77, 1]
[76, 1]
[75, 1]
[74, 1]
[73, 1]
[72, 1]
[71, 1]
[71, 2]
[72, 1]
[71, 1]
[70, 1]
[69, 1]
[69, 1]
[68, 1]
[67, 1]
[66, 1]
[65, 1]
[64, 1]
[63, 1]
[62, 1]
[61, 1]
[60, 1]
[59, 1]
[58, 1]
[57, 1]
[56, 1]
[55, 1]
[54, 1]
[53, 1]
[52, 1]
[51, 1]
[50, 1]
[49, 1]
[48, 1]
[47, 1]
[46, 1]
[45, 1]
[44, 1]
[43, 1]
[42, 1]
[42, 2]
[41, 1]
[40, 1]
[39, 1]
[38, 1]
[37, 1]
[36, 1]
[35, 1]
[34, 1]
[33, 1]
[32, 1]
[31, 1]
[30, 1]
[29, 1]
[28, 1]
[27, 1]
[26, 1]
[25, 1]
[24, 1]
[23, 1]
[24, 1]
[25, 1]
[26, 1]
[27, 1]
[28, 1]
[29, 1]
[30, 1]
[31, 1]
[32, 1]
[33, 1]
[34, 1]
[35, 1]
[36, 1]
[37, 1]
[38, 1]
[39, 1]
[40, 1]
[41, 1]
[42, 1]
[43, 1]
[44, 1]
[45, 1]
[46, 1]
[47, 1]
[46, 1]
[45, 1]
[46, 2]
[45, 2]
[44, 2]
[43, 2]
[42, 2]
[41, 2]
[40, 2]
[39, 2]
[38, 2]
[37, 2]
[36, 2]
[35, 2]
[34, 2]
[33, 2]
[32, 2]
[31, 2]
[30, 2]
[29, 2]
[28, 2]
[27, 2]
[26, 2]
[27, 2]
[26, 2]
[25, 2]
[24, 2]
[23, 2]
[22, 2]
[21, 2]
[20, 2]
[19, 2]
[18, 2]
[17, 2]
[16, 2]
[15, 2]
[15, 1]
[15, 1]
[14, 2]
[14, 1]
[14, 1]
[14, 1]
[13, 2]
[13, 1]
[13, 1]
[13, 1]
[13, 1]
[13, 1]
[13, 1]
[14, 2]
[14, 1]
[14, 1]
[14, 1]
[14, 1]
[14, 1]
[14, 1]
[14, 1]
[14, 1]
[14, 1]
[14, 1]
[14, 1]
[14, 1]
[14, 1]
[14, 1]
[14, 1]
[14, 1]
[14, 1]
[14, 1]
[14, 1]
[14, 1]
[14, 1]
[14, 1]
[14, 1]
[14, 1]
[14, 1]
[14, 1]
[14, 1]
[14, 1]
[14, 1]
[14, 1]
[14, 1]
[14, 1]
[14, 1]
[14, 1]
[14, 1]
[14, 1]
[14, 1]
[14, 1]
[14, 1]
[14, 1]
[14, 1]
[14, 1]
[14, 1]
[14, 1]
[14, 1]
[14, 1]
[14, 1]
[14, 1]
[14, 1]
[14, 1]
[14, 1]
[14, 1]
[13, 1]
[13, 1]
[13, 1]
[13, 1]
[13, 1]
[13, 1]
[13, 1]
[13, 1]
[14, 1]
[14, 1]
[14, 1]
[14, 1]
[14, 1]
[14, 1]
[14, 1]
[14, 1]
[14, 1]
[14, 1]
[14, 1]
[13, 1]
[13, 1]
[14, 1]
[14, 1]
[14, 1]
[13, 2]
[13, 1]
[13, 1]
[13, 1]
[13, 1]
[13, 1]
[14, 1]
[14, 1]
[14, 1]
[14, 1]
[14, 1]
[14, 1]
[14, 1]
[14, 1]
[14, 1]
[14, 1]
[14, 1]
[14, 1]
[14, 1]
[14, 1]
[14, 1]
[14, 1]
[14, 1]
[14, 1]
[14, 1]
[14, 1]
[14, 1]
[14, 1]
[14, 1]
[14, 1]
[14, 1]
[14, 1]
[14, 1]
[13, 1]
[13, 1]
[13, 2]
[13, 3]
[13, 4]
[13, 5]
[13, 6]
[13, 7]
[13, 8]
[13, 9]
[13, 10]
[13, 11]
[13, 12]
[13, 13]
[13, 14]
[14, 13]
[14, 14]
[15, 13]
[15, 14]
[15, 15]
[15, 16]
[15, 17]
[15, 18]
[15, 19]
[15, 20]
[15, 21]
[15, 22]
[15, 23]
[15, 24]
[15, 25]
[15, 26]
[15, 27]
[15, 28]
[15, 29]
[15, 30]
[15, 31]
[15, 32]
[15, 33]
[15, 34]
[15, 35]
[15, 36]
[14, 35]
[14, 36]
[14, 35]
[14, 36]
[14, 37]
[14, 38]
[14, 39]
[14, 40]
[14, 41]
[14, 40]
[14, 41]
[14, 42]
[14, 43]
[14, 44]
[14, 45]
[14, 46]
[14, 47]
[14, 48]
[14, 49]
[14, 50]
[14, 51]
[14, 52]
[14, 53]
[14, 54]
[14, 55]
[14, 54]
[14, 55]
[14, 56]
[14, 57]
[14, 58]
[14, 59]
[14, 60]
[15, 61]
[15, 62]
[15, 61]
[15, 62]
[14, 62]
[14, 63]
[14, 64]
[14, 65]
[14, 64]
[14, 65]
[14, 66]
[14, 67]
[14, 68]
[14, 69]
[13, 68]
[13, 69]
[13, 70]
[13, 71]
[13, 72]
[13, 73]
[13, 72]
[13, 73]
[13, 74]
[13, 75]
[13, 76]
[13, 77]
[13, 78]
[13, 79]
[13, 80]
[13, 81]
[12, 82]
[13, 81]
[13, 82]
[14, 81]
[14, 82]
[15, 81]
[15, 82]
[16, 81]
[15, 81]
[15, 82]
[16, 81]
[16, 82]
[17, 81]
[17, 82]
[18, 81]
[19, 81]
[19, 82]
[20, 81]
[20, 82]
[21, 81]
[21, 82]
[22, 81]
[22, 82]
[23, 83]
[22, 82]
[23, 81]
[23, 82]
[24, 81]
[24, 82]
[25, 81]
[25, 82]
[26, 81]
[26, 82]
[27, 81]
[27, 80]
[27, 81]
[27, 82]
[28, 81]
[28, 82]
[29, 81]
[29, 82]
[30, 81]
[30, 82]
[31, 81]
[31, 82]
[32, 81]
[32, 82]
[33, 81]
[33, 82]
[34, 81]
[34, 82]
[35, 81]
[35, 82]
[36, 81]
[36, 82]
[37, 81]
[37, 82]
[38, 81]
[38, 82]
[39, 81]
[39, 82]
[40, 81]
[40, 82]
[41, 81]
[41, 82]
[42, 81]
[42, 82]
[43, 81]
[43, 82]
[44, 81]
[44, 82]
[45, 81]
[44, 81]
[44, 82]
[45, 81]
[45, 82]
[46, 81]
[46, 82]
[47, 81]
[47, 82]
[48, 81]
[48, 82]
[49, 81]
[49, 82]
[50, 81]
[51, 82]
[52, 81]
[51, 81]
[51, 82]
[52, 81]
[51, 82]
[52, 81]
[52, 82]
[53, 81]
[53, 82]
[54, 81]
[54, 82]
[55, 81]
[55, 82]
[56, 81]
[56, 82]
[57, 81]
[57, 82]
[58, 83]
[59, 82]
[60, 81]
[60, 82]
[61, 81]
[61, 82]
[62, 81]
[62, 82]
[63, 81]
[63, 82]
[64, 81]
[64, 82]
[65, 81]
[65, 82]
[66, 81]
[66, 82]
[67, 81]
[67, 82]
[68, 81]
[68, 82]
[69, 81]
[69, 82]
[70, 81]
[70, 82]
[71, 81]
[71, 82]
[72, 81]
[72, 82]
[72, 83]
[73, 82]
[74, 81]
[74, 82]
[75, 81]
[76, 80]
[76, 81]
[76, 82]
[77, 81]
[77, 82]
[78, 81]
[77, 80]
[77, 81]
[77, 82]
[78, 81]
[78, 82]
[79, 81]
[79, 82]
[80, 81]
[80, 82]
[81, 81]
[81, 82]
[82, 81]
[82, 82]
[83, 81]
[83, 82]
[84, 81]
[84, 82]
[85, 81]
[86, 80]
[85, 81]
[85, 82]
[86, 81]
[86, 82]
[87, 81]
[87, 82]
[88, 81]
[88, 82]
[89, 81]
[89, 82]
[90, 81]
[90, 82]
[91, 81]
[91, 82]
[92, 81]
[92, 82]
[93, 81]
[93, 82]
[94, 81]
[94, 82]
[95, 81]
[94, 80]
[94, 81]
[94, 82]
[95, 81]
[95, 80]
[95, 81]
[95, 82]
[96, 81]
[96, 82]
[97, 81]
[97, 82]
[98, 81]
[98, 82]
[99, 81]
[99, 82]
[100, 81]
[100, 82]
[101, 81]
[101, 82]
[102, 81]
[102, 82]
[101, 81]
[101, 82]
[102, 81]
[102, 82]
[103, 81]
[103, 82]
[104, 81]
[103, 82]
[104, 81]
[104, 80]
[103, 81]
[102, 82]
[103, 81]
[102, 82]
[103, 81]
[103, 80]
[102, 81]
[101, 82]
[102, 81]
[101, 82]
[102, 81]
[101, 82]
[102, 81]
[101, 82]
[102, 81]
[101, 82]
[102, 81]
[101, 82]
[102, 81]
[101, 82]
[102, 81]
[101, 82]
[102, 81]
[101, 82]
[102, 81]
[101, 82]
[102, 81]
[101, 82]
[102, 81]
[101, 82]
[102, 81]
[101, 82]
[102, 81]
[101, 82]
[102, 81]
[101, 82]
[102, 81]
[101, 82]
[102, 81]
[101, 82]
[102, 81]
[101, 82]
[102, 81]
[101, 82]
[102, 81]
[101, 82]
[102, 81]
[101, 82]
[100, 82]
[101, 81]
[100, 82]
[101, 81]
[100, 82]
[101, 81]
[100, 82]
[101, 81]
[100, 82]
[101, 81]
[100, 82]
[101, 81]
[100, 82]
[101, 81]
[100, 82]
[101, 81]
[100, 82]
[101, 81]
[100, 82]
[101, 81]
[100, 82]
[101, 81]
[100, 82]
[101, 81]
[100, 82]
[101, 81]
[100, 82]
[101, 81]
[100, 82]
[101, 81]
[100, 82]
[101, 81]
[100, 82]
[101, 81]
[100, 82]
[101, 81]
[100, 82]
[101, 81]
[102, 82]
[103, 81]
[102, 82]
[103, 81]
[102, 82]
[103, 81]
[102, 80]
[101, 81]
[100, 82]
[101, 81]
[100, 82]
[101, 81]
[100, 82]
[101, 81]
[100, 82]
[101, 81]
[100, 82]
[101, 81]
[100, 82]
[101, 81]
[100, 82]
[101, 81]
[100, 82]
[99, 83]
[100, 82]
[101, 81]
[100, 82]
[101, 81]
[100, 82]
[101, 81]
[100, 82]
[101, 81]
[100, 82]
[101, 81]
[100, 82]
[101, 81]
[100, 82]
[101, 81]
[100, 82]
[101, 81]
[100, 82]
[101, 83]
[102, 82]
[103, 81]
[102, 82]
[103, 81]
[102, 82]
[103, 81]
[102, 82]
[103, 81]
[102, 80]
[101, 81]
[100, 82]
[99, 82]
[100, 81]
[99, 82]
[100, 81]
[99, 82]
[100, 81]
[99, 82]
[100, 81]
[99, 82]
[100, 81]
[99, 82]
[100, 81]
[99, 82]
[100, 81]
[101, 82]
[102, 81]
[101, 82]
[102, 81]
[101, 82]
[102, 81]
[101, 82]
[102, 81]
[101, 82]
[102, 81]
[101, 81]
[100, 82]
[101, 81]
[100, 82]
[101, 81]
[100, 82]
[101, 81]
[100, 82]
[101, 81]
[100, 82]
[101, 81]
[100, 82]
[101, 81]
[100, 82]
[101, 81]
[100, 82]
[101, 81]
[100, 82]
[101, 81]
[100, 82]
[101, 81]
[100, 82]
[101, 81]
[100, 82]
[101, 81]
[100, 82]
[100, 83]
[101, 82]
[102, 81]
[101, 82]
[102, 81]
[101, 82]
[102, 81]
[101, 82]
[102, 81]
[101, 82]
[102, 81]
[101, 82]
[102, 81]
[101, 82]
[102, 81]
[101, 82]
[102, 81]
[101, 82]
[102, 81]
[101, 82]
[102, 81]
[101, 82]
[102, 81]
[101, 82]
[102, 81]
[101, 82]
[102, 81]
[101, 82]
[102, 81]
[101, 82]
[102, 81]
[101, 82]
[102, 81]
[101, 82]
[102, 82]
[102, 83]
[103, 82]
[104, 81]
[103, 82]
[104, 81]
[103, 82]
[103, 83]
[104, 83]
[105, 82]
[106, 81]
[105, 82]
[106, 81]
[105, 82]
[106, 81]
[105, 82]
[106, 81]
[105, 82]
[106, 81]
[105, 82]
[104, 81]
[103, 82]
[104, 81]
[103, 82]
[104, 81]
[103, 82]
[104, 81]
[103, 82]
[104, 81]
[103, 82]
[104, 81]
[103, 82]
[104, 81]
[103, 82]
[104, 81]
[103, 82]
[104, 81]
[103, 82]
[103, 81]
[102, 82]
[103, 81]
[104, 81]
[103, 82]
[104, 81]
[103, 82]
[104, 81]
[104, 82]
[105, 81]
[104, 82]
[105, 81]
[104, 82]
[105, 81]
[104, 82]
[105, 81]
[106, 80]
[105, 81]
[104, 82]
[105, 81]
[104, 82]
[103, 82]
[104, 81]
[103, 82]
[104, 81]
[103, 82]
[104, 81]
[103, 82]
[104, 81]
[103, 82]
[104, 81]
[103, 82]
[104, 81]
[103, 82]
[104, 81]
[103, 82]
[104, 81]
[103, 82]
[104, 81]
[103, 82]
[104, 81]
[103, 82]
[103, 81]
[102, 82]
[103, 81]
[102, 82]
[103, 81]
[102, 82]
[103, 81]
[102, 80]
[101, 81]
[100, 82]
[101, 81]
[100, 82]
[101, 81]
[100, 82]
[101, 81]
[100, 82]
[101, 81]
[100, 82]
[101, 81]
[100, 82]
[101, 81]
[100, 82]
[101, 81]
[100, 80]
[99, 81]
[98, 82]
[99, 81]
[98, 82]
[99, 81]
[98, 82]
[99, 81]
[98, 82]
[99, 81]
[98, 82]
[99, 81]
[98, 82]
[99, 83]
[100, 82]
[101, 81]
[100, 82]
[101, 82]
[102, 81]
[101, 82]
[102, 81]
[101, 82]
[102, 81]
[101, 82]
[101, 83]
[102, 82]
[103, 81]
[102, 82]
[103, 81]
[102, 82]
[103, 81]
[102, 82]
[103, 81]
[102, 82]
[103, 81]
[102, 82]
[103, 81]
[102, 82]
[103, 81]
[102, 81]
[101, 82]
[102, 81]
[101, 82]
[102, 81]
[101, 82]
[102, 81]
[101, 82]
[102, 81]
[101, 82]
[102, 81]
[101, 82]
[102, 81]
[101, 82]
[102, 81]
[101, 82]
[102, 81]
[101, 82]
[102, 81]
[101, 82]
[102, 81]
[103, 81]
[102, 82]
[103, 81]
[102, 82]
[103, 81]
[102, 82]
[103, 81]
[102, 82]
[103, 81]
[102, 82]
[103, 81]
[102, 82]
[103, 81]
[102, 82]
[103, 81]
[102, 82]
[103, 81]
[102, 82]
[103, 81]
[102, 82]
[103, 81]
[102, 82]
[103, 81]
[102, 82]
[103, 81]
[102, 82]
[103, 81]
[102, 82]
[103, 81]
[102, 82]
[103, 81]
[102, 82]
[103, 81]
[102, 82]
[103, 81]
[102, 82]
[103, 81]
[102, 82]
[103, 81]
[102, 82]
[103, 81]
[102, 82]
[102, 83]
[103, 82]
[104, 81]
[103, 82]
[104, 81]
[103, 82]
[104, 81]
[103, 82]
[103, 81]
[102, 82]
[102, 81]
[101, 82]
[101, 81]
[100, 82]
[100, 81]
[99, 82]
[99, 81]
[98, 82]
[98, 81]
[97, 82]
[97, 81]
[96, 82]
[96, 81]
[95, 82]
[95, 81]
[94, 82]
[94, 81]
[93, 82]
[94, 83]
[94, 82]
[94, 81]
[93, 82]
[93, 81]
[92, 82]
[93, 81]
[92, 82]
[92, 81]
[91, 82]
[91, 81]
[90, 82]
[91, 81]
[90, 82]
[90, 81]
[89, 82]
[89, 81]
[88, 82]
[88, 81]
[87, 82]
[87, 81]
[86, 80]
[85, 81]
[84, 82]
[84, 81]
[83, 82]
[83, 81]
[82, 82]
[82, 81]
[81, 82]
[81, 81]
[80, 81]
[79, 82]
[79, 81]
[78, 82]
[78, 81]
[77, 82]
[77, 81]
[76, 82]
[76, 81]
[75, 82]
[75, 81]
[74, 82]
[74, 81]
[75, 81]
[74, 82]
[75, 83]
[75, 82]
[75, 81]
[74, 82]
[74, 81]
[73, 82]
[73, 81]
[72, 82]
[72, 83]
[72, 82]
[72, 81]
[71, 82]
[71, 81]
[70, 82]
[70, 81]
[69, 82]
[69, 81]
[68, 82]
[68, 81]
[67, 82]
[67, 81]
[66, 80]
[65, 81]
[66, 82]
[67, 83]
[67, 82]
[67, 81]
[66, 82]
[66, 81]
[65, 82]
[65, 81]
[64, 82]
[64, 81]
[63, 82]
[63, 81]
[62, 82]
[63, 81]
[64, 82]
[63, 81]
[62, 82]
[62, 81]
[62, 80]
[61, 81]
[60, 82]
[60, 81]
[59, 82]
[59, 81]
[58, 82]
[58, 81]
[59, 82]
[59, 81]
[58, 82]
[59, 83]
[59, 82]
[59, 81]
[58, 82]
[58, 81]
[57, 82]
[57, 81]
[56, 82]
[56, 81]
[55, 81]
[54, 82]
[54, 81]
[53, 82]
[52, 82]
[52, 81]
[51, 82]
[51, 81]
[50, 81]
[49, 81]
[48, 81]
[47, 81]
[46, 81]
[45, 81]
[44, 81]
[43, 81]
[42, 81]
[41, 81]
[40, 81]
[39, 81]
[38, 81]
[37, 81]
[36, 81]
[35, 81]
[34, 81]
[33, 81]
[32, 81]
[31, 81]
[30, 81]
[29, 81]
[28, 81]
[27, 81]
[26, 81]
[25, 81]
[24, 82]
[24, 81]
[23, 81]
[22, 81]
[21, 80]
[20, 80]
[19, 80]
[18, 80]
[17, 80]
[16, 80]
[15, 80]
[14, 80]
[13, 80]
[12, 80]
[11, 80]
[10, 80]
[9, 80]
[8, 80]
[7, 80]
[6, 80]
[5, 80]
[6, 79]
[5, 79]
[4, 79]
[3, 79]
[2, 79]
[1, 79]
[1, 79]
[1, 79]
[1, 79]
[1, 79]
[1, 79]
[1, 79]
[1, 79]
[1, 79]
[1, 79]
[1, 79]
[1, 79]
[1, 79]
[1, 79]
[1, 79]
[1, 79]
[2, 79]
[1, 79]
[1, 79]
[1, 80]
[1, 80]
[2, 80]
[1, 80]
[1, 80]
[1, 80]
[1, 80]
[1, 80]
[1, 79]
[1, 79]
[1, 79]
[1, 79]
[1, 79]
[1, 79]
[2, 79]
[1, 79]
[1, 79]
[1, 79]
[1, 80]
[1, 81]
[1, 81]
[1, 81]
[1, 81]
[1, 81]
[1, 82]
[1, 81]
[1, 82]
[1, 81]
[1, 82]
[1, 83]
[1, 82]
[1, 81]
[1, 82]
[1, 81]
[1, 82]
[1, 81]
[1, 82]
[1, 81]
[1, 82]
[1, 81]
[1, 82]
[1, 81]
[1, 82]
[1, 81]
[1, 82]
[1, 81]
[1, 82]
[1, 81]
[1, 82]
[1, 81]
[1, 82]
[1, 81]
[1, 82]
[1, 81]
[1, 82]
[1, 83]
[1, 84]
[1, 84]
[1, 85]
[1, 86]
[1, 87]
[1, 88]
[1, 89]
[1, 90]
[1, 91]
[1, 92]
[1, 93]
[1, 94]
[1, 95]
[1, 96]
[1, 97]
[1, 98]
[1, 99]
[1, 100]
[1, 101]
[1, 102]
[1, 103]
[1, 104]
[1, 105]
[1, 106]
[1, 107]
[1, 108]
[1, 109]
[1, 110]
[2, 111]
[1, 112]
[1, 113]
[1, 114]
[1, 115]
[1, 116]
[1, 117]
[1, 118]
[1, 119]
[1, 120]
[1, 119]
[1, 120]
[1, 121]
[1, 122]
[1, 123]
[1, 124]
[1, 125]
[1, 126]
[1, 127]
[1, 128]
[1, 129]
[1, 130]
[1, 131]
[1, 132]
[1, 133]
[1, 134]
[2, 135]
[1, 136]
[1, 137]
[1, 138]
[1, 139]
[1, 140]
[1, 141]
[1, 142]
[1, 143]
[1, 144]
[1, 145]
[1, 146]
[1, 147]
[2, 147]
[1, 148]
[1, 149]
[2, 148]
[1, 149]
[1, 150]
[1, 151]
[1, 152]
[1, 153]
[1, 154]
[1, 155]
[1, 156]
[1, 157]
[1, 158]
[1, 159]
[1, 160]
[1, 161]
[1, 162]
[1, 163]
[1, 164]
[1, 165]
[1, 166]
[1, 167]
[1, 168]
[1, 169]
[1, 170]
[1, 171]
[1, 172]
[1, 173]
[1, 174]
[1, 173]
[1, 174]
[1, 175]
[1, 176]
[1, 176]
[1, 177]
[1, 178]
[1, 177]
[1, 178]
[1, 179]
[1, 180]
[1, 181]
[1, 182]
[2, 181]
[1, 182]
[1, 183]
[1, 184]
[1, 185]
[1, 186]
[1, 187]
[1, 188]
[1, 189]
[1, 190]
[1, 191]
[1, 192]
[1, 193]
[1, 194]
[1, 195]
[1, 196]
[1, 197]
[1, 198]
[1, 199]
[1, 200]
[1, 201]
[1, 202]
[1, 203]
[1, 204]
[1, 205]
[1, 206]
[1, 207]
[1, 208]
[1, 209]
[1, 210]
[1, 211]
[1, 212]
[1, 213]
[1, 214]
[1, 215]
[1, 216]
[1, 217]
[1, 218]
[1, 219]
[1, 220]
[2, 219]
[1, 220]
[1, 221]
[2, 221]
[3, 221]
[4, 221]
[5, 221]
[6, 221]
[7, 221]
[8, 221]
[7, 220]
[8, 220]
[9, 220]
[10, 220]
[11, 220]
[12, 220]
[13, 220]
[14, 220]
[15, 220]
[16, 220]
[17, 220]
[18, 220]
[17, 221]
[18, 221]
[19, 221]
[20, 221]
[21, 221]
[22, 221]
[23, 221]
[24, 221]
[25, 221]
[26, 221]
[27, 221]
[28, 221]
[29, 221]
[30, 221]
[31, 221]
[32, 221]
[33, 221]
[34, 221]
[35, 221]
[36, 221]
[37, 221]
[38, 221]
[39, 221]
[40, 221]
[41, 221]
[42, 221]
[43, 221]
[44, 221]
[45, 221]
[46, 221]
[47, 221]
[48, 221]
[49, 221]
[50, 221]
[51, 221]
[52, 221]
[53, 221]
[54, 221]
[55, 221]
[56, 221]
[57, 221]
[58, 222]
[57, 221]
[58, 221]
[59, 220]
[60, 220]
[61, 220]
[62, 220]
[63, 220]
[64, 220]
[65, 220]
[66, 220]
[67, 220]
[68, 220]
[69, 220]
[70, 220]
[71, 220]
[72, 220]
[73, 220]
[74, 220]
[75, 220]
[76, 220]
[77, 220]
[78, 220]
[79, 220]
[80, 220]
[81, 220]
[82, 220]
[83, 220]
[84, 220]
[85, 220]
[86, 220]
[87, 220]
[88, 220]
[89, 220]
[90, 220]
[91, 220]
[92, 220]
[93, 220]
[94, 220]
[95, 220]
[96, 220]
[97, 220]
[98, 220]
[99, 220]
[100, 220]
[101, 220]
[102, 220]
[103, 220]
[104, 220]
[105, 220]
[106, 220]
[107, 220]
[108, 220]
[109, 220]
[110, 220]
[111, 220]
[112, 220]
[113, 220]
[114, 220]
[115, 220]
[116, 220]
[117, 220]
[116, 219]
[115, 218]
[116, 218]
[117, 218]
[118, 218]
[119, 218]
[120, 218]
[121, 218]
[122, 218]
[123, 218]
[124, 218]
[125, 218]
[126, 218]
[127, 218]
[128, 218]
[129, 218]
[130, 218]
[129, 219]
[130, 219]
[131, 219]
[132, 219]
[133, 219]
[134, 219]
[135, 219]
[136, 219]
[137, 219]
[138, 219]
[139, 219]
[140, 219]
[141, 219]
[142, 219]
[143, 219]
[144, 219]
[145, 219]
[146, 219]
[147, 219]
[148, 219]
[149, 219]
[150, 219]
[151, 219]
[150, 220]
[151, 220]
[152, 219]
[153, 219]
[154, 219]
[155, 219]
[156, 219]
[157, 219]
[158, 219]
[157, 220]
[158, 220]
[159, 220]
[160, 220]
[161, 220]
[162, 220]
[163, 220]
[162, 220]
[163, 220]
[164, 220]
[165, 220]
[166, 220]
[167, 220]
[168, 220]
[169, 220]
[170, 220]
[171, 220]
[172, 220]
[173, 220]
[174, 220]
[175, 220]
[176, 220]
[177, 220]
[178, 220]
[179, 220]
[180, 220]
[181, 220]
[182, 220]
[183, 220]
[184, 220]
[185, 220]
[186, 220]
[185, 221]
[186, 221]
[187, 221]
[188, 221]
[189, 221]
[190, 221]
[191, 221]
[192, 221]
[193, 221]
[194, 221]
[195, 221]
[196, 221]
[197, 221]
[198, 221]
[199, 221]
[200, 221]
[201, 221]
[202, 221]
[203, 221]
[204, 221]
[205, 221]
[206, 221]
[207, 221]
[208, 221]
[209, 221]
[210, 221]
[211, 221]
[212, 221]
[213, 221]
[214, 221]
[215, 221]
[216, 221]
[217, 221]
[218, 221]
[219, 221]
[220, 221]
[221, 221]
[222, 221]
[223, 221]
[224, 222]
[225, 222]
[226, 222]
[227, 222]
[228, 222]
[229, 222]
[230, 222]
[231, 222]
[232, 222]
[233, 222]
[234, 222]
[235, 222]
[236, 222]
[237, 222]
[238, 222]
[239, 222]
[240, 222]
[241, 222]
[242, 222]
[243, 222]
[244, 222]
[245, 222]
[246, 222]
[247, 222]
[246, 221]
[247, 221]
[246, 220]
[247, 220]
[246, 219]
[247, 219]
[246, 218]
[247, 218]
[246, 217]
[247, 217]
[246, 216]
[247, 216]
[246, 215]
[247, 215]
[246, 214]
[247, 214]
[246, 213]
[247, 213]
[246, 212]
[247, 212]
[248, 213]
[247, 212]
[246, 211]
[247, 211]
[246, 210]
[247, 210]
[246, 209]
[247, 209]
[246, 208]
[247, 208]
[246, 207]
[247, 208]
[246, 207]
[247, 207]
[246, 206]
[247, 206]
[246, 205]
[247, 205]
[246, 204]
[247, 204]
[246, 203]
[247, 203]
[246, 202]
[247, 202]
[246, 201]
[245, 200]
[245, 201]
[246, 201]
[247, 201]
[246, 200]
[245, 201]
[244, 202]
[243, 203]
[242, 204]
[241, 205]
[240, 206]
[239, 207]
[238, 208]
[237, 209]
[236, 210]
[235, 211]
[234, 212]
[233, 213]
[234, 213]
[233, 214]
[232, 215]
[231, 216]
[230, 217]
[229, 218]
[228, 219]
[227, 220]
[226, 221]
[225, 222]
[224, 223]
[223, 224]
[222, 225]
[221, 226]
[220, 227]
[219, 228]
[218, 229]
[217, 230]
[216, 231]
[215, 232]
[214, 233]
[213, 234]
[212, 235]
[211, 236]
[210, 237]
[209, 238]
[208, 239]
[207, 240]
[206, 239]
[205, 240]
[204, 241]
[203, 242]
[202, 243]
[201, 244]
[200, 245]
[199, 246]
[198, 247]
[197, 248]
[196, 249]
[195, 250]
[194, 251]
[193, 252]
[192, 253]
[191, 254]
[190, 255]
[189, 256]
[188, 257]
[187, 258]
[186, 259]
[185, 260]
[184, 261]
[183, 262]
[182, 263]
[181, 264]
[180, 265]
[179, 266]
[178, 267]
[177, 268]
[176, 269]
[175, 270]
[174, 271]
[173, 272]
[172, 273]
[171, 274]
[170, 275]
[169, 276]
[168, 277]
[167, 278]
[166, 279]
[165, 280]
[164, 281]
[163, 282]
[163, 281]
[162, 282]
[163, 281]
[162, 282]
[161, 283]
[160, 284]
[159, 285]
[158, 286]
[157, 287]
[156, 288]
[155, 289]
[154, 290]
[153, 291]
[152, 292]
[151, 293]
[150, 294]
[149, 295]
[148, 296]
[147, 297]
[146, 298]
[145, 299]
[144, 299]
[143, 299]
[142, 299]
[141, 299]
[140, 299]
[139, 299]
[138, 299]
[139, 298]
[138, 299]
[137, 299]
[136, 299]
[135, 299]
[136, 299]
[136, 299]
[135, 299]
[134, 299]
[133, 299]
[132, 299]
[131, 299]
[130, 299]
[129, 299]
[128, 299]
[129, 299]
[128, 298]
[127, 297]
[126, 296]
[125, 295]
[124, 294]
[125, 293]
[124, 292]
[123, 291]
[122, 290]
[121, 289]
[120, 288]
[119, 287]
[118, 286]
[117, 285]
[116, 284]
[115, 283]
[114, 282]
[113, 281]
[112, 280]
[111, 279]
[110, 278]
[109, 277]
[108, 276]
[107, 275]
[106, 274]
[105, 273]
[104, 272]
[103, 271]
[102, 270]
[101, 269]
[100, 268]
[99, 267]
[98, 266]
[97, 265]
[96, 264]
[95, 263]
[94, 262]
[93, 262]
[93, 261]
[92, 260]
[91, 259]
[90, 258]
[89, 257]
[88, 256]
[87, 255]
[86, 254]
[85, 253]
[84, 252]
[83, 251]
[82, 250]
[81, 249]
[80, 248]
[79, 247]
[78, 246]
[77, 245]
[76, 244]
[75, 243]
[74, 242]
[73, 241]
[72, 240]
[71, 239]
[70, 238]
[69, 237]
[68, 236]
[67, 235]
[66, 234]
[65, 235]
[64, 234]
[63, 233]
[62, 232]
[61, 231]
[60, 230]
[59, 229]
[58, 228]
[57, 227]
[56, 226]
[55, 225]
[54, 224]
[53, 223]
[52, 222]
[51, 221]
[50, 220]
[49, 219]
[48, 218]
[47, 217]
[48, 217]
[47, 216]
[46, 215]
[45, 214]
[44, 213]
[43, 212]
[42, 211]
[41, 210]
[40, 209]
[40, 210]
[39, 209]
[38, 208]
[37, 207]
[36, 206]
[35, 205]
[34, 204]
[33, 203]
[32, 202]
[31, 201]
[30, 200]
[29, 199]
[28, 198]
[27, 197]
[26, 196]
[25, 195]
[25, 196]
[24, 195]
[25, 195]
[24, 194]
[23, 193]
[22, 192]
[21, 191]
[20, 190]
[19, 189]
[18, 188]
[17, 187]
[16, 186]
[17, 186]
[16, 185]
[15, 184]
[14, 183]
[13, 184]
[12, 183]
[11, 182]
[11, 181]
[10, 180]
[9, 179]
[8, 178]
[7, 177]
[6, 176]
[5, 175]
[4, 174]
[3, 173]
[2, 172]
[1, 171]
[1, 170]
[1, 169]
[1, 168]
[1, 167]
[1, 166]
[1, 165]
[1, 166]
[1, 165]
[1, 164]
[1, 163]
[1, 162]
[1, 161]
[1, 160]
[1, 159]
[1, 158]
[1, 157]
[1, 156]
[1, 155]
[1, 154]
[1, 153]
[1, 152]
[1, 151]
[1, 150]
[1, 149]
[1, 148]
[1, 147]
[1, 146]
[1, 145]
[1, 144]
[1, 143]
[1, 142]
[1, 141]
[1, 140]
[1, 139]
[1, 138]
[1, 137]
[1, 136]
[1, 135]
[1, 134]
[1, 133]
[2, 132]
[3, 131]
[4, 130]
[5, 129]
[6, 128]
[7, 127]
[8, 126]
[9, 125]
[10, 124]
[11, 123]
[12, 122]
[13, 121]
[14, 120]
[15, 119]
[16, 118]
[17, 117]
[18, 116]
[19, 115]
[20, 114]
[21, 113]
[22, 112]
[23, 111]
[24, 110]
[24, 109]
[25, 108]
[26, 107]
[27, 106]
[28, 105]
[29, 104]
[30, 103]
[31, 102]
[32, 101]
[33, 100]
[34, 99]
[35, 98]
[36, 97]
[37, 96]
[38, 95]
[39, 94]
[40, 93]
[41, 92]
[42, 91]
[43, 90]
[44, 89]
[45, 88]
[44, 87]
[43, 86]
[42, 85]
[41, 84]
[40, 83]
[39, 82]
[40, 81]
[41, 82]
[40, 81]
[41, 82]
[40, 81]
[41, 82]
[40, 81]
[41, 82]
[40, 81]
[41, 82]
[40, 81]
[41, 82]
[40, 81]
[41, 82]
[40, 81]
[41, 82]
[40, 81]
[41, 82]
[40, 81]
[39, 81]
[40, 82]
[39, 81]
[40, 82]
[39, 81]
[40, 82]
[39, 81]
[40, 82]
[39, 81]
[40, 82]
[39, 81]
[40, 82]
[39, 81]
[40, 82]
[39, 81]
[40, 82]
[39, 81]
[40, 82]
[39, 81]
[40, 82]
[39, 81]
[40, 80]
[41, 79]
[42, 78]
[43, 77]
[44, 76]
[45, 75]
[45, 76]
[46, 75]
[47, 74]
[46, 74]
[47, 73]
[46, 73]
[47, 72]
[48, 71]
[49, 71]
[50, 70]
[51, 69]
[52, 68]
[53, 67]
[54, 66]
[55, 65]
[56, 64]
[57, 63]
[58, 62]
[59, 61]
[60, 60]
[61, 59]
[62, 58]
[63, 57]
[64, 56]
[65, 55]
[66, 54]
[67, 53]
[68, 52]
[69, 51]
[70, 50]
[71, 49]
[72, 50]
[73, 49]
[74, 48]
[73, 48]
[72, 48]
[73, 47]
[74, 46]
[75, 45]
[76, 44]
[77, 43]
[78, 42]
[79, 41]
[80, 40]
[81, 39]
[82, 38]
[83, 37]
[84, 36]
[85, 35]
[86, 34]
[87, 33]
[88, 32]
[87, 33]
[88, 32]
[89, 31]
[90, 30]
[91, 29]
[92, 28]
[93, 27]
[94, 26]
[95, 25]
[96, 24]
[97, 23]
[98, 22]
[99, 21]
[100, 20]
[101, 19]
[101, 18]
[102, 17]
[103, 16]
[104, 15]
[105, 14]
[106, 13]
[106, 14]
[107, 13]
[108, 12]
[109, 12]
[110, 11]
[111, 10]
[112, 9]
[113, 8]
[114, 7]
[115, 6]
[116, 5]
[117, 4]
[118, 3]
[119, 2]
[120, 1]
[121, 1]
[122, 1]
[123, 1]
[124, 1]
[124, 1]
[125, 1]
[126, 1]
[127, 1]
[128, 1]
[129, 1]
[130, 1]
[131, 1]
[132, 1]
[133, 1]
[134, 1]
[135, 1]
[136, 1]
[137, 1]
[136, 1]
[135, 1]
[135, 2]
[136, 2]
[137, 2]
[138, 2]
[139, 2]
[140, 3]
[141, 3]
[142, 3]
[143, 3]
[144, 3]
[145, 3]
[146, 3]
[147, 3]
[146, 3]
[147, 3]
[148, 3]
[147, 2]
[148, 2]
[149, 2]
[150, 2]
[151, 2]
[152, 2]
[153, 2]
[154, 2]
[155, 2]
[156, 2]
[157, 2]
[158, 2]
[159, 2]
[160, 2]
[161, 2]
[162, 2]
[163, 2]
[164, 2]
[165, 2]
[166, 2]
[167, 2]
[168, 2]
[169, 2]
[170, 2]
[171, 2]
[172, 2]
[173, 2]
[174, 2]
[175, 2]
[176, 2]
[177, 2]
[178, 2]
[179, 2]
[180, 2]
[181, 3]
[182, 4]
[183, 5]
[184, 6]
[185, 7]
[186, 8]
[187, 9]
[188, 10]
[187, 11]
[188, 12]
[189, 13]
[190, 14]
[191, 15]
[192, 16]
[193, 17]
[194, 18]
[195, 19]
[196, 20]
[197, 21]
[198, 22]
[199, 22]
[200, 22]
[201, 22]
[200, 21]
[201, 21]
[202, 21]
[203, 21]
[204, 21]
[205, 21]
[206, 21]
[205, 22]
[206, 22]
[207, 22]
[207, 23]
[208, 23]
[209, 24]
[210, 25]
[211, 26]
[212, 27]
[213, 28]
[214, 29]
[215, 30]
[216, 31]
[217, 32]
[218, 33]
[219, 33]
[219, 32]
[220, 32]
[221, 32]
[222, 32]
[223, 32]
[224, 32]
[225, 32]
[226, 32]
[227, 32]
[228, 32]
[229, 32]
[230, 32]
[231, 32]
[232, 32]
[233, 32]
[234, 32]
[235, 32]
[234, 32]
[235, 32]
[234, 31]
[235, 31]
[236, 31]
[237, 31]
[238, 31]
[239, 31]
[240, 31]
[241, 31]
[242, 31]
[243, 31]
[243, 30]
[244, 30]
[245, 30]
[246, 30]
[245, 29]
[246, 29]
[247, 29]
[247, 30]
[247, 31]
[247, 32]
[247, 33]
[247, 34]
[247, 35]
[247, 36]
[247, 37]
[247, 38]
[247, 39]
[247, 40]
[248, 40]
[248, 41]
[248, 42]
[248, 43]
[248, 44]
[248, 45]
[248, 46]
[248, 47]
[248, 48]
[249, 47]
[249, 48]
[249, 49]
[249, 50]
[249, 51]
[248, 52]
[248, 53]
[248, 54]
[248, 55]
[248, 56]
[248, 57]
[248, 58]
[248, 59]
[249, 59]
[249, 60]
[249, 61]
[249, 62]
[249, 63]
[249, 64]
[249, 65]
[249, 66]
[249, 67]
[250, 66]
[250, 67]
[250, 68]
[250, 69]
[250, 70]
[250, 71]
[250, 72]
[250, 73]
[250, 74]
[251, 74]
[251, 75]
[251, 76]
[251, 77]
[251, 78]
[251, 79]
[251, 80]
[251, 81]
[251, 82]
[250, 81]
[250, 82]
[249, 81]
[249, 82]
[248, 81]
[248, 82]
[247, 81]
[247, 82]
