[47, 156]
[46, 157]
[45, 158]
[44, 159]
[43, 160]
[42, 161]
[41, 162]
[40, 163]
[39, 164]
[38, 165]
[37, 166]
[36, 167]
[35, 168]
[34, 169]
[33, 170]
[33, 171]
[34, 171]
[33, 172]
[32, 173]
[31, 174]
[30, 175]
[29, 176]
[28, 177]
[27, 178]
[26, 179]
[25, 180]
[24, 181]
[25, 182]
[24, 183]
[23, 184]
[22, 185]
[21, 186]
[22, 185]
[21, 186]
[20, 187]
[19, 188]
[18, 189]
[17, 190]
[16, 191]
[17, 191]
[18, 191]
[19, 191]
[20, 191]
[21, 191]
[22, 191]
[23, 191]
[24, 191]
[25, 191]
[26, 191]
[25, 190]
[24, 191]
[25, 191]
[26, 191]
[27, 191]
[28, 191]
[29, 191]
[30, 191]
[29, 191]
[30, 191]
[31, 191]
[32, 191]
[33, 191]
[34, 191]
[35, 191]
[36, 191]
[37, 191]
[38, 191]
[37, 192]
[38, 192]
[39, 192]
[38, 191]
[39, 191]
[38, 190]
[37, 191]
[38, 191]
[39, 191]
[40, 191]
[41, 191]
[42, 191]
[43, 191]
[44, 191]
[43, 190]
[42, 191]
[43, 191]
[44, 191]
[45, 191]
[46, 191]
[47, 191]
[48, 191]
[49, 191]
[50, 191]
[51, 191]
[52, 191]
[51, 191]
[52, 191]
[53, 191]
[54, 191]
[55, 191]
[56, 191]
[57, 191]
[58, 191]
[58, 190]
[57, 191]
[58, 191]
[59, 191]
[60, 191]
[61, 191]
[62, 191]
[63, 191]
[64, 191]
[65, 191]
[66, 191]
[67, 191]
[68, 191]
[69, 191]
[70, 191]
[70, 190]
[69, 191]
[70, 191]
[71, 191]
[72, 191]
[73, 191]
[74, 191]
[73, 191]
[72, 191]
[71, 191]
[70, 191]
[69, 191]
[68, 191]
[67, 191]
[66, 191]
[65, 191]
[64, 191]
[63, 191]
[62, 192]
[61, 192]
[60, 192]
[59, 192]
[58, 192]
[57, 192]
[56, 192]
[55, 192]
[54, 192]
[53, 192]
[52, 192]
[51, 192]
[50, 192]
[49, 192]
[48, 192]
[47, 192]
[46, 192]
[45, 192]
[44, 192]
[45, 192]
[44, 192]
[43, 192]
[42, 192]
[41, 192]
[42, 192]
[43, 192]
[44, 192]
[45, 192]
[46, 192]
[47, 192]
[48, 192]
[49, 192]
[50, 193]
[51, 193]
[52, 193]
[53, 193]
[54, 193]
[54, 194]
[55, 194]
[56, 194]
[57, 194]
[58, 194]
[57, 193]
[58, 193]
[59, 193]
[60, 193]
[61, 193]
[62, 193]
[63, 193]
[64, 193]
[65, 193]
[66, 193]
[67, 193]
[68, 193]
[69, 193]
[70, 193]
[71, 193]
[72, 194]
[73, 194]
[74, 194]
[75, 194]
[76, 194]
[77, 194]
[78, 194]
[79, 194]
[80, 194]
[81, 194]
[82, 194]
[83, 194]
[84, 194]
[84, 193]
[85, 193]
[86, 193]
[86, 192]
[86, 193]
[86, 194]
[86, 195]
[86, 196]
[86, 197]
[86, 198]
[86, 199]
[86, 200]
[86, 201]
[86, 202]
[86, 203]
[86, 204]
[86, 205]
[86, 206]
[86, 207]
[86, 208]
[86, 207]
[86, 208]
[86, 209]
[86, 210]
[86, 211]
[86, 212]
[86, 213]
[86, 214]
[86, 215]
[86, 216]
[86, 217]
[86, 218]
[86, 219]
[86, 220]
[86, 221]
[86, 222]
[87, 223]
[87, 224]
[87, 225]
[87, 226]
[87, 227]
[87, 228]
[87, 229]
[87, 230]
[87, 231]
[87, 232]
[87, 233]
[87, 234]
[87, 235]
[87, 236]
[87, 237]
[87, 238]
[87, 239]
[87, 240]
[87, 241]
[87, 242]
[87, 243]
[87, 244]
[87, 245]
[87, 244]
[87, 245]
[87, 246]
[87, 247]
[87, 248]
[87, 249]
[87, 250]
[87, 251]
[87, 252]
[87, 253]
[87, 254]
[86, 253]
[86, 254]
[86, 255]
[86, 254]
[86, 255]
[86, 256]
[87, 256]
[87, 257]
[88, 256]
[88, 257]
[88, 258]
[88, 259]
[88, 258]
[88, 259]
[88, 260]
[88, 261]
[88, 262]
[89, 263]
[89, 264]
[89, 265]
[89, 266]
[89, 267]
[89, 268]
[89, 269]
[89, 270]
[89, 271]
[89, 272]
[88, 271]
[88, 272]
[88, 273]
[88, 274]
[88, 275]
[88, 276]
[88, 277]
[88, 278]
[88, 279]
[88, 280]
[88, 281]
[88, 282]
[88, 283]
[88, 284]
[89, 283]
[89, 284]
[88, 284]
[88, 285]
[89, 285]
[89, 284]
[89, 285]
[89, 286]
[89, 287]
[89, 288]
[89, 289]
[89, 290]
[89, 291]
[89, 292]
[89, 293]
[89, 294]
[89, 295]
[89, 296]
[89, 297]
[89, 298]
[89, 299]
[89, 299]
[89, 299]
[89, 299]
[89, 299]
[89, 299]
[89, 299]
[89, 299]
[89, 299]
[89, 298]
[89, 299]
[89, 299]
[89, 299]
[89, 299]
[89, 299]
[89, 299]
[89, 299]
[89, 299]
[89, 299]
[89, 299]
[89, 299]
[89, 299]
[89, 299]
[88, 299]
[88, 299]
[88, 299]
[88, 299]
[88, 299]
[88, 299]
[88, 299]
[88, 299]
[88, 299]
[88, 299]
[88, 299]
[88, 299]
[88, 299]
[88, 299]
[88, 299]
[87, 299]
[86, 299]
[87, 298]
[86, 298]
[87, 299]
[86, 299]
[85, 299]
[84, 299]
[83, 299]
[82, 299]
[81, 299]
[80, 299]
[79, 299]
[78, 299]
[77, 299]
[76, 299]
[75, 299]
[74, 299]
[73, 299]
[72, 299]
[73, 299]
[74, 299]
[75, 299]
[76, 299]
[77, 299]
[76, 298]
[75, 297]
[74, 296]
[73, 295]
[72, 294]
[71, 293]
[70, 292]
[70, 293]
[69, 292]
[68, 291]
[67, 290]
[66, 289]
[65, 288]
[64, 287]
[63, 286]
[62, 285]
[61, 285]
[60, 286]
[59, 285]
[58, 284]
[57, 283]
[58, 282]
[57, 281]
[58, 280]
[57, 279]
[56, 278]
[55, 277]
[54, 276]
[53, 275]
[52, 274]
[51, 273]
[50, 272]
[49, 271]
[48, 270]
[47, 269]
[46, 268]
[45, 267]
[44, 266]
[43, 265]
[42, 264]
[41, 263]
[40, 262]
[39, 261]
[38, 260]
[37, 259]
[36, 258]
[35, 257]
[34, 256]
[33, 255]
[32, 254]
[31, 253]
[30, 252]
[29, 251]
[28, 250]
[27, 249]
[26, 248]
[25, 247]
[24, 246]
[23, 245]
[22, 244]
[21, 243]
[20, 242]
[19, 241]
[18, 240]
[17, 239]
[16, 238]
[15, 237]
[14, 236]
[13, 235]
[12, 234]
[11, 233]
[10, 232]
[9, 231]
[8, 230]
[7, 229]
[6, 228]
[5, 227]
[4, 226]
[3, 225]
[2, 224]
[1, 223]
[1, 222]
[1, 221]
[1, 220]
[1, 219]
[1, 218]
[1, 217]
[1, 216]
[1, 215]
[1, 214]
[1, 213]
[1, 212]
[1, 211]
[1, 210]
[1, 209]
[1, 208]
[1, 207]
[1, 206]
[1, 205]
[1, 204]
[1, 203]
[1, 202]
[1, 201]
[1, 200]
[1, 199]
[1, 198]
[1, 197]
[1, 198]
[1, 197]
[1, 196]
[1, 195]
[1, 194]
[1, 193]
[1, 192]
[1, 191]
[1, 191]
[1, 190]
[1, 189]
[1, 188]
[1, 187]
[2, 186]
[1, 185]
[1, 184]
[1, 183]
[1, 182]
[1, 181]
[1, 180]
[1, 179]
[1, 178]
[1, 177]
[1, 176]
[1, 175]
[1, 174]
[1, 173]
[1, 172]
[2, 171]
[1, 172]
[1, 173]
[1, 174]
[1, 175]
[1, 176]
[1, 177]
[1, 178]
[1, 179]
[1, 180]
[1, 181]
[1, 182]
[1, 183]
[1, 184]
[1, 185]
[1, 186]
[1, 187]
[1, 188]
[1, 189]
[2, 190]
[1, 191]
[1, 190]
[1, 191]
[2, 190]
[1, 191]
[1, 190]
[1, 191]
[1, 190]
[2, 189]
[1, 190]
[1, 191]
[1, 190]
[1, 191]
[1, 190]
[1, 191]
[1, 190]
[1, 190]
[1, 191]
[1, 190]
[1, 191]
[1, 192]
[1, 191]
[1, 190]
[1, 189]
[1, 190]
[1, 191]
[2, 191]
[3, 191]
[4, 191]
[5, 191]
[6, 191]
[7, 191]
[8, 191]
[9, 191]
[8, 191]
[9, 191]
[10, 191]
[11, 191]
[12, 191]
[13, 191]
[14, 191]
[13, 192]
[14, 192]
[15, 192]
[16, 192]
[17, 192]
[18, 192]
[19, 192]
[20, 192]
[21, 192]
[22, 192]
[23, 192]
[24, 192]
[25, 192]
[26, 192]
[26, 191]
[26, 190]
[25, 191]
[25, 190]
[24, 191]
[24, 190]
[23, 191]
[23, 190]
[22, 191]
[22, 192]
[22, 191]
[22, 190]
[21, 191]
[21, 190]
[20, 191]
[20, 190]
[19, 190]
[20, 189]
[21, 188]
[20, 187]
[21, 186]
[22, 185]
[23, 184]
[24, 183]
[25, 182]
[26, 181]
[27, 180]
[28, 180]
[29, 179]
[30, 178]
[31, 177]
[32, 176]
[33, 176]
[34, 175]
[35, 174]
[36, 173]
[37, 174]
[38, 173]
[39, 172]
[40, 171]
[41, 170]
[42, 170]
[43, 169]
[44, 168]
[45, 167]
[46, 166]
[47, 165]
[48, 164]
[49, 163]
[50, 162]
[51, 161]
[52, 160]
[53, 159]
[52, 158]
[53, 157]
[54, 156]
[55, 155]
[56, 154]
[57, 153]
[58, 152]
[59, 153]
[60, 152]
[61, 151]
[62, 150]
[63, 149]
[64, 148]
[65, 147]
[66, 146]
[67, 145]
[68, 144]
[69, 143]
[68, 144]
[69, 143]
[70, 142]
[71, 141]
[72, 140]
[73, 139]
[74, 138]
[75, 137]
[76, 136]
[76, 137]
[77, 136]
[78, 135]
[79, 134]
[80, 133]
[79, 134]
[80, 133]
[81, 132]
[82, 131]
[83, 130]
[84, 129]
[85, 128]
[86, 127]
[87, 126]
[88, 125]
[89, 124]
[90, 123]
[91, 122]
[92, 121]
[93, 120]
[94, 119]
[95, 118]
[96, 117]
[97, 116]
[98, 115]
[97, 114]
[96, 113]
[95, 112]
[94, 112]
[93, 111]
[94, 110]
[95, 109]
[96, 108]
[97, 109]
[98, 108]
[99, 107]
[100, 106]
[101, 105]
[102, 104]
[103, 103]
[104, 102]
[103, 102]
[104, 101]
[105, 100]
[106, 99]
[107, 98]
[106, 97]
[105, 97]
[106, 96]
[107, 95]
[108, 94]
[109, 93]
[110, 92]
[111, 91]
[112, 91]
[113, 90]
[114, 89]
[115, 88]
[116, 87]
[117, 86]
[118, 85]
[119, 84]
[119, 83]
[118, 84]
[119, 83]
[118, 83]
[119, 82]
[120, 81]
[121, 80]
[122, 79]
[123, 78]
[122, 77]
[123, 76]
[124, 75]
[125, 74]
[124, 75]
[125, 74]
[126, 73]
[127, 72]
[128, 71]
[129, 70]
[130, 69]
[131, 68]
[132, 67]
[133, 66]
[134, 65]
[135, 64]
[136, 63]
[137, 62]
[138, 61]
[139, 60]
[140, 59]
[141, 58]
[142, 57]
[143, 56]
[143, 55]
[144, 54]
[143, 54]
[144, 53]
[145, 52]
[146, 51]
[147, 50]
[148, 49]
[149, 48]
[148, 47]
[148, 48]
[149, 47]
[150, 46]
[151, 45]
[152, 44]
[153, 43]
[154, 42]
[155, 41]
[156, 40]
[157, 39]
[158, 38]
[159, 37]
[160, 36]
[161, 35]
[162, 34]
[163, 33]
[164, 32]
[165, 31]
[166, 30]
[167, 29]
[167, 30]
[168, 29]
[169, 28]
[170, 27]
[171, 26]
[172, 25]
[173, 24]
[174, 23]
[175, 22]
[176, 21]
[175, 21]
[176, 20]
[177, 19]
[178, 18]
[179, 17]
[180, 16]
[181, 15]
[180, 14]
[181, 13]
[182, 12]
[183, 11]
[184, 10]
[185, 9]
[186, 8]
[187, 7]
[188, 6]
[189, 5]
[190, 4]
[191, 3]
[192, 2]
[193, 1]
[192, 2]
[193, 1]
[194, 1]
[195, 1]
[196, 1]
[196, 2]
[197, 1]
[198, 1]
[199, 1]
[200, 1]
[201, 1]
[202, 1]
[203, 1]
[204, 1]
[203, 1]
[204, 1]
[205, 1]
[206, 1]
[207, 1]
[208, 1]
[209, 1]
[210, 1]
[211, 1]
[212, 1]
[213, 1]
[214, 1]
[215, 1]
[216, 2]
[217, 1]
[218, 1]
[219, 1]
[220, 1]
[221, 1]
[222, 1]
[223, 1]
[224, 1]
[223, 2]
[224, 1]
[225, 1]
[226, 1]
[227, 1]
[228, 1]
[229, 1]
[230, 1]
[231, 1]
[232, 1]
[233, 1]
[234, 1]
[235, 1]
[236, 1]
[237, 1]
[238, 1]
[239, 1]
[240, 1]
[241, 1]
[242, 1]
[243, 1]
[244, 1]
[245, 1]
[246, 1]
[247, 1]
[248, 1]
[249, 1]
[250, 1]
[251, 1]
[252, 1]
[251, 1]
[252, 1]
[253, 1]
[254, 1]
[255, 1]
[254, 1]
[255, 1]
[256, 1]
[257, 1]
[258, 1]
[259, 1]
[260, 1]
[261, 1]
[262, 1]
[263, 1]
[264, 1]
[265, 1]
[266, 1]
[267, 1]
[268, 1]
[269, 1]
[270, 1]
[271, 1]
[272, 1]
[273, 1]
[274, 1]
[275, 1]
[274, 1]
[275, 1]
[276, 1]
[277, 1]
[277, 2]
[278, 1]
[279, 1]
[280, 1]
[281, 1]
[282, 1]
[283, 1]
[284, 1]
[285, 1]
[286, 1]
[287, 2]
[288, 1]
[289, 1]
[290, 1]
[291, 1]
[292, 1]
[293, 1]
[294, 1]
[295, 1]
[296, 1]
[297, 1]
[298, 1]
[299, 1]
[299, 1]
[299, 1]
[299, 1]
[299, 1]
[299, 1]
[299, 1]
[299, 1]
[299, 1]
[299, 1]
[299, 1]
[299, 1]
[298, 1]
[299, 1]
[299, 1]
[299, 1]
[299, 1]
[299, 1]
[299, 1]
[299, 1]
[299, 1]
[299, 1]
[299, 1]
[299, 1]
[298, 2]
[299, 1]
[298, 1]
[299, 1]
[299, 1]
[299, 1]
[299, 1]
[299, 1]
[299, 1]
[299, 1]
[299, 1]
[298, 1]
[297, 1]
[296, 1]
[295, 1]
[294, 1]
[293, 1]
[292, 1]
[293, 1]
[292, 1]
[291, 1]
[290, 1]
[289, 1]
[288, 1]
[287, 1]
[286, 1]
[285, 1]
[284, 1]
[283, 1]
[282, 1]
[281, 1]
[280, 1]
[279, 1]
[278, 1]
[278, 2]
[277, 1]
[276, 1]
[275, 1]
[274, 1]
[273, 1]
[272, 1]
[271, 1]
[270, 1]
[269, 1]
[268, 1]
[267, 1]
[266, 1]
[265, 1]
[264, 1]
[263, 1]
[262, 1]
[261, 1]
[260, 1]
[259, 1]
[258, 1]
[257, 1]
[258, 1]
[257, 1]
[256, 1]
[255, 1]
[254, 1]
[253, 1]
[252, 1]
[251, 1]
[252, 1]
[251, 1]
[250, 1]
[249, 1]
[248, 1]
[247, 1]
[248, 1]
[247, 1]
[246, 1]
[245, 1]
[244, 1]
[244, 1]
[243, 1]
[242, 1]
[241, 1]
[240, 1]
[239, 1]
[238, 1]
[237, 1]
[236, 1]
[235, 1]
[234, 1]
[235, 1]
[234, 1]
[233, 1]
[232, 1]
[231, 1]
[230, 1]
[229, 1]
[228, 1]
[227, 1]
[226, 1]
[225, 1]
[225, 2]
[225, 1]
[224, 1]
[223, 1]
[222, 1]
[221, 1]
[220, 1]
[219, 1]
[218, 1]
[217, 1]
[216, 1]
[215, 1]
[214, 1]
[213, 1]
[212, 1]
[211, 1]
[210, 1]
[209, 1]
[208, 1]
[207, 1]
[207, 1]
[206, 1]
[205, 1]
[204, 1]
[203, 1]
[202, 1]
[201, 1]
[200, 1]
[199, 1]
[198, 1]
[197, 1]
[196, 2]
[195, 1]
[194, 1]
[193, 1]
[192, 1]
[191, 1]
[190, 1]
[189, 1]
[188, 1]
[187, 1]
[186, 1]
[185, 1]
[184, 1]
[183, 1]
[182, 1]
[181, 1]
[180, 1]
[179, 1]
[178, 1]
[177, 1]
[176, 1]
[175, 1]
[174, 1]
[173, 1]
[172, 1]
[171, 1]
[170, 1]
[169, 1]
[168, 1]
[167, 1]
[166, 1]
[165, 1]
[164, 1]
[163, 1]
[162, 1]
[161, 1]
[160, 1]
[159, 1]
[158, 1]
[157, 1]
[158, 2]
[157, 1]
[156, 1]
[155, 1]
[154, 1]
[153, 1]
[152, 1]
[151, 1]
[150, 1]
[149, 1]
[148, 1]
[147, 1]
[146, 1]
[145, 1]
[144, 1]
[143, 1]
[142, 1]
[141, 1]
[140, 1]
[139, 1]
[138, 1]
[137, 1]
[136, 1]
[135, 1]
[134, 1]
[133, 1]
[132, 1]
[131, 1]
[130, 1]
[129, 1]
[128, 1]
[129, 1]
[130, 2]
[129, 1]
[128, 1]
[127, 1]
[128, 1]
[127, 1]
[127, 2]
[126, 1]
[125, 1]
[124, 1]
[123, 1]
[122, 2]
[121, 1]
[120, 1]
[121, 2]
[120, 1]
[119, 1]
[118, 1]
[117, 1]
[116, 1]
[115, 1]
[114, 1]
[113, 1]
[113, 1]
[112, 1]
[111, 1]
[110, 1]
[109, 1]
[108, 1]
[107, 1]
[106, 1]
[105, 1]
[104, 1]
[103, 1]
[102, 1]
[101, 1]
[100, 1]
[99, 1]
[98, 1]
[99, 1]
[98, 1]
[97, 1]
[96, 1]
[95, 1]
[94, 1]
[93, 1]
[92, 1]
[91, 1]
[90, 1]
[89, 2]
[88, 1]
[87, 1]
[86, 1]
[85, 1]
[84, 1]
[83, 1]
[82, 1]
[81, 1]
[80, 1]
[79, 1]
[78, 1]
[77, 1]
[76, 1]
[75, 1]
[74, 1]
[73, 1]
[72, 1]
[71, 1]
[70, 1]
[70, 2]
[69, 1]
[68, 1]
[67, 1]
[66, 1]
[67, 1]
[66, 1]
[65, 1]
[64, 1]
[63, 1]
[62, 1]
[61, 1]
[60, 1]
[59, 1]
[58, 1]
[57, 1]
[56, 1]
[56, 2]
[55, 1]
[54, 1]
[53, 1]
[52, 1]
[53, 1]
[52, 1]
[51, 1]
[50, 1]
[49, 1]
[50, 2]
[50, 3]
[49, 2]
[48, 1]
[47, 1]
[46, 1]
[45, 1]
[44, 1]
[43, 1]
[43, 1]
[42, 1]
[41, 1]
[40, 1]
[39, 1]
[38, 1]
[38, 2]
[37, 1]
[36, 1]
[35, 1]
[34, 1]
[33, 1]
[32, 1]
[31, 1]
[30, 1]
[29, 1]
[28, 1]
[27, 1]
[26, 1]
[25, 1]
[24, 1]
[23, 1]
[22, 1]
[21, 1]
[20, 1]
[19, 1]
[20, 2]
[21, 3]
[22, 4]
[23, 5]
[24, 6]
[25, 7]
[26, 8]
[27, 9]
[26, 9]
[27, 10]
[26, 11]
[27, 11]
[28, 12]
[29, 13]
[30, 14]
[31, 15]
[32, 16]
[33, 17]
[34, 18]
[35, 19]
[36, 20]
[37, 21]
[38, 22]
[39, 23]
[40, 24]
[40, 25]
[41, 26]
[40, 27]
[41, 28]
[42, 29]
[43, 30]
[44, 31]
[45, 32]
[46, 33]
[47, 34]
[48, 35]
[49, 36]
[50, 37]
[51, 38]
[52, 39]
[53, 40]
[54, 41]
[55, 42]
[56, 43]
[57, 44]
[58, 45]
[59, 46]
[60, 47]
[61, 48]
[62, 49]
[63, 50]
[63, 51]
[64, 52]
[65, 53]
[66, 54]
[67, 55]
[68, 56]
[69, 57]
[70, 58]
[70, 57]
[71, 58]
[72, 57]
[73, 58]
[74, 59]
[75, 60]
[76, 61]
[77, 62]
[78, 63]
[79, 64]
[78, 63]
[79, 64]
[80, 65]
[81, 66]
[80, 65]
[81, 66]
[82, 67]
[83, 68]
[84, 69]
[85, 70]
[86, 71]
[87, 72]
[88, 73]
[89, 74]
[90, 75]
[91, 76]
[92, 77]
[93, 78]
[94, 79]
[95, 80]
[96, 81]
[97, 82]
[98, 83]
[99, 84]
[100, 85]
[101, 86]
[102, 87]
[103, 88]
[104, 89]
[105, 90]
[105, 89]
[106, 90]
[107, 91]
[108, 92]
[109, 93]
[110, 94]
[111, 95]
[112, 96]
[113, 97]
[114, 98]
[115, 99]
[116, 100]
[117, 101]
[116, 102]
[117, 103]
[118, 104]
[119, 105]
[120, 106]
[119, 106]
[120, 107]
[121, 108]
[122, 109]
[123, 110]
[124, 111]
[125, 112]
[126, 113]
[127, 114]
[128, 115]
[129, 116]
[130, 117]
[131, 118]
[132, 119]
[133, 120]
[134, 121]
[135, 122]
[136, 123]
[135, 122]
[136, 123]
[137, 124]
[138, 125]
[139, 126]
[140, 127]
[141, 128]
[140, 127]
[141, 128]
[142, 129]
[143, 130]
[144, 131]
[145, 132]
[146, 133]
[147, 134]
[148, 135]
[149, 136]
[150, 137]
[151, 138]
[152, 137]
[153, 138]
[154, 139]
[155, 140]
[156, 141]
[157, 142]
[158, 143]
[159, 144]
[160, 145]
[161, 146]
[162, 147]
[163, 148]
[164, 149]
[165, 150]
[166, 151]
[165, 152]
[166, 153]
[167, 154]
[168, 155]
[169, 156]
[170, 157]
[171, 158]
[171, 157]
[170, 156]
[171, 157]
[172, 158]
[173, 159]
[174, 160]
[175, 161]
[176, 162]
[177, 163]
[178, 164]
[179, 165]
[180, 166]
[181, 167]
[182, 168]
[183, 169]
[184, 170]
[185, 171]
[186, 172]
[187, 173]
[188, 174]
[189, 175]
[190, 176]
[191, 177]
[192, 178]
[193, 179]
[194, 180]
[195, 181]
[196, 182]
[197, 183]
[198, 184]
[199, 185]
[200, 186]
[199, 185]
[200, 186]
[199, 185]
[200, 186]
[199, 185]
[200, 186]
[199, 185]
[199, 186]
[200, 187]
[199, 186]
[198, 185]
[199, 186]
[199, 185]
[200, 186]
[199, 185]
[200, 186]
[199, 185]
[200, 186]
[201, 185]
[200, 184]
[199, 183]
[200, 184]
[199, 183]
[200, 184]
[199, 183]
[200, 184]
[199, 183]
[200, 184]
[199, 183]
[200, 184]
[199, 183]
[200, 184]
[199, 183]
[199, 184]
[200, 185]
[199, 184]
[200, 185]
[199, 184]
[200, 185]
[199, 184]
[200, 185]
[199, 184]
[200, 185]
[199, 184]
[200, 185]
[199, 184]
[200, 185]
[199, 184]
[200, 185]
[199, 184]
[200, 185]
[199, 184]
[200, 185]
[199, 184]
[200, 185]
[199, 184]
[200, 185]
[199, 184]
[200, 185]
[199, 184]
[200, 185]
[199, 184]
[200, 185]
[199, 184]
[200, 185]
[199, 184]
[200, 185]
[199, 184]
[198, 183]
[199, 184]
[200, 185]
[199, 184]
[200, 185]
[199, 184]
[200, 185]
[201, 186]
[200, 185]
[199, 184]
[200, 185]
[199, 184]
[200, 185]
[199, 184]
[199, 183]
[200, 184]
[199, 183]
[200, 183]
[199, 182]
[200, 183]
[199, 182]
[200, 183]
[199, 182]
[200, 183]
[199, 182]
[200, 183]
[199, 182]
[200, 183]
[199, 182]
[200, 183]
[199, 182]
[200, 183]
[199, 182]
[200, 183]
[199, 182]
[200, 183]
[199, 182]
[200, 183]
[199, 182]
[200, 183]
[199, 182]
[200, 183]
[199, 182]
[200, 183]
[199, 182]
[198, 183]
[197, 184]
[196, 185]
[195, 186]
[194, 187]
[193, 188]
[193, 187]
[192, 188]
[191, 189]
[190, 190]
[189, 191]
[189, 190]
[188, 191]
[188, 190]
[187, 191]
[187, 190]
[186, 191]
[186, 190]
[185, 191]
[185, 190]
[184, 191]
[185, 190]
[184, 191]
[184, 190]
[183, 191]
[183, 190]
[182, 191]
[182, 190]
[181, 191]
[181, 190]
[180, 191]
[180, 190]
[179, 191]
[179, 190]
[179, 191]
[178, 191]
[177, 192]
[177, 191]
[177, 190]
[176, 191]
[177, 191]
[177, 190]
[176, 191]
[176, 190]
[175, 191]
[175, 190]
[174, 191]
[174, 190]
[173, 191]
[173, 190]
[172, 191]
[172, 190]
[171, 191]
[171, 190]
[170, 191]
[170, 190]
[169, 191]
[169, 190]
[168, 191]
[168, 190]
[168, 191]
[168, 190]
[167, 191]
[167, 190]
[166, 191]
[166, 190]
[165, 191]
[165, 190]
[164, 191]
[164, 190]
[165, 191]
[165, 190]
[166, 191]
[166, 190]
[167, 191]
[167, 190]
[168, 191]
[168, 190]
[169, 191]
[169, 190]
[170, 191]
[170, 190]
[171, 191]
[171, 190]
[172, 191]
[172, 190]
[173, 191]
[173, 190]
[174, 191]
[174, 190]
[175, 191]
[175, 190]
[176, 191]
[176, 190]
[177, 191]
[176, 191]
[176, 190]
[176, 189]
[177, 190]
[178, 191]
[178, 190]
[179, 191]
[179, 190]
[180, 191]
[180, 190]
[181, 191]
[181, 190]
[182, 191]
[182, 190]
[183, 191]
[183, 190]
[184, 191]
[184, 190]
[185, 191]
[185, 190]
[186, 191]
[186, 190]
[187, 191]
[186, 191]
[186, 190]
[187, 191]
[187, 190]
[188, 191]
[188, 190]
[189, 191]
[189, 190]
[190, 191]
[190, 190]
[191, 191]
[191, 190]
[192, 191]
[191, 190]
[192, 191]
[192, 190]
[191, 191]
[191, 190]
[192, 191]
[192, 190]
[193, 191]
[193, 190]
[194, 191]
[194, 190]
[195, 191]
[195, 190]
[196, 191]
[197, 191]
[197, 190]
[198, 191]
[198, 190]
[199, 191]
[199, 190]
[200, 191]
