[56, 184]
[57, 184]
[58, 184]
[57, 183]
[56, 182]
[55, 181]
[54, 180]
[53, 179]
[53, 180]
[52, 179]
[51, 178]
[51, 177]
[50, 176]
[51, 175]
[52, 176]
[52, 175]
[52, 174]
[52, 173]
[52, 172]
[52, 171]
[52, 170]
[52, 169]
[52, 168]
[52, 167]
[52, 166]
[52, 165]
[52, 164]
[52, 163]
[52, 162]
[52, 161]
[52, 160]
[52, 159]
[52, 158]
[52, 157]
[52, 156]
[52, 155]
[52, 154]
[52, 153]
[52, 152]
[52, 151]
[52, 150]
[52, 149]
[52, 148]
[52, 147]
[52, 146]
[53, 147]
[53, 146]
[54, 147]
[53, 146]
[52, 145]
[53, 146]
[54, 147]
[54, 146]
[55, 147]
[54, 148]
[54, 147]
[54, 146]
[55, 147]
[55, 146]
[56, 147]
[56, 146]
[57, 147]
[57, 146]
[57, 145]
[57, 144]
[57, 143]
[57, 142]
[57, 141]
[56, 140]
[55, 141]
[56, 141]
[56, 140]
[56, 139]
[56, 138]
[56, 137]
[56, 136]
[56, 135]
[56, 134]
[56, 133]
[56, 132]
[56, 131]
[55, 132]
[55, 131]
[55, 130]
[55, 131]
[55, 130]
[55, 129]
[55, 128]
[54, 127]
[53, 126]
[52, 125]
[51, 124]
[50, 123]
[49, 122]
[48, 121]
[47, 120]
[46, 119]
[45, 118]
[44, 117]
[43, 116]
[42, 115]
[41, 114]
[40, 113]
[39, 112]
[38, 111]
[37, 110]
[36, 109]
[35, 108]
[34, 107]
[33, 106]
[32, 105]
[31, 104]
[30, 103]
[29, 102]
[28, 101]
[27, 100]
[26, 99]
[25, 98]
[24, 97]
[23, 96]
[22, 95]
[21, 94]
[20, 93]
[19, 92]
[18, 91]
[17, 90]
[16, 89]
[15, 88]
[14, 87]
[13, 86]
[12, 85]
[13, 84]
[12, 83]
[11, 82]
[10, 81]
[11, 80]
[10, 79]
[9, 78]
[8, 78]
[7, 77]
[6, 76]
[5, 75]
[4, 74]
[3, 73]
[2, 72]
[1, 71]
[1, 70]
[1, 69]
[1, 68]
[1, 67]
[1, 66]
[1, 65]
[1, 64]
[1, 63]
[1, 62]
[1, 61]
[1, 60]
[1, 59]
[1, 58]
[1, 57]
[1, 56]
[1, 55]
[1, 54]
[1, 53]
[1, 52]
[1, 51]
[1, 50]
[1, 49]
[1, 48]
[1, 47]
[1, 46]
[1, 45]
[1, 44]
[1, 43]
[1, 42]
[1, 41]
[1, 40]
[1, 39]
[1, 38]
[1, 37]
[1, 36]
[1, 35]
[1, 34]
[1, 33]
[1, 32]
[1, 31]
[1, 32]
[1, 31]
[1, 30]
[1, 29]
[2, 29]
[1, 28]
[1, 27]
[1, 26]
[1, 25]
[1, 24]
[1, 23]
[1, 22]
[1, 21]
[1, 20]
[1, 19]
[1, 18]
[1, 17]
[1, 16]
[1, 15]
[1, 14]
[1, 13]
[1, 12]
[2, 11]
[3, 10]
[4, 9]
[5, 8]
[6, 7]
[7, 6]
[8, 5]
[9, 4]
[10, 3]
[11, 4]
[12, 3]
[13, 2]
[14, 1]
[15, 1]
[16, 1]
[17, 1]
[18, 1]
[19, 1]
[20, 1]
[21, 1]
[22, 1]
[23, 1]
[24, 1]
[25, 1]
[26, 1]
[27, 1]
[28, 1]
[29, 1]
[30, 1]
[31, 1]
[32, 1]
[33, 1]
[34, 1]
[35, 1]
[36, 1]
[37, 1]
[38, 1]
[39, 1]
[40, 1]
[41, 1]
[42, 1]
[43, 1]
[44, 1]
[45, 1]
[46, 1]
[47, 1]
[48, 1]
[49, 1]
[50, 1]
[51, 1]
[52, 1]
[53, 1]
[54, 1]
[55, 1]
[56, 1]
[57, 1]
[58, 1]
[59, 1]
[58, 1]
[59, 1]
[60, 1]
[61, 1]
[62, 2]
[63, 2]
[64, 2]
[65, 1]
[66, 1]
[67, 1]
[68, 1]
[69, 1]
[70, 1]
[71, 1]
[72, 1]
[73, 1]
[74, 1]
[75, 1]
[76, 1]
[77, 1]
[78, 1]
[79, 1]
[80, 1]
[81, 1]
[82, 1]
[83, 1]
[83, 1]
[84, 1]
[85, 1]
[86, 1]
[87, 1]
[86, 2]
[87, 1]
[86, 1]
[87, 1]
[88, 1]
[89, 1]
[90, 1]
[91, 1]
[92, 1]
[93, 1]
[94, 1]
[95, 1]
[96, 1]
[97, 1]
[98, 1]
[99, 1]
[100, 1]
[101, 1]
[102, 1]
[103, 1]
[104, 1]
[105, 1]
[106, 1]
[107, 1]
[108, 1]
[109, 1]
[110, 1]
[111, 1]
[112, 1]
[113, 1]
[114, 1]
[115, 1]
[116, 1]
[117, 1]
[118, 1]
[119, 1]
[120, 1]
[121, 1]
[122, 1]
[123, 1]
[124, 1]
[125, 1]
[126, 1]
[125, 1]
[126, 1]
[125, 1]
[126, 1]
[127, 1]
[128, 1]
[129, 1]
[130, 1]
[131, 1]
[132, 1]
[133, 1]
[134, 1]
[135, 1]
[136, 1]
[137, 1]
[138, 1]
[139, 1]
[140, 1]
[141, 1]
[142, 1]
[143, 1]
[142, 1]
[143, 1]
[144, 1]
[145, 1]
[145, 2]
[146, 1]
[147, 1]
[148, 1]
[149, 1]
[150, 1]
[151, 1]
[152, 1]
[152, 2]
[153, 1]
[154, 1]
[155, 1]
[156, 1]
[156, 2]
[157, 1]
[158, 1]
[159, 1]
[160, 1]
[161, 2]
[162, 3]
[163, 4]
[164, 5]
[165, 6]
[166, 7]
[167, 8]
[168, 9]
[168, 10]
[167, 11]
[168, 12]
[169, 13]
[170, 14]
[171, 15]
[172, 16]
[173, 17]
[174, 18]
[175, 19]
[176, 20]
[177, 21]
[178, 22]
[179, 23]
[180, 22]
[181, 23]
[182, 24]
[183, 25]
[184, 26]
[185, 26]
[186, 27]
[187, 28]
[188, 29]
[189, 30]
[190, 31]
[191, 32]
[192, 33]
[193, 34]
[194, 35]
[195, 36]
[196, 37]
[197, 38]
[198, 39]
[199, 40]
[200, 41]
[201, 42]
[202, 43]
[201, 42]
[202, 43]
[203, 44]
[204, 45]
[205, 46]
[206, 47]
[207, 48]
[208, 49]
[209, 50]
[210, 51]
[211, 52]
[212, 53]
[213, 54]
[214, 55]
[215, 56]
[216, 57]
[217, 58]
[218, 59]
[219, 60]
[220, 60]
[221, 60]
[222, 60]
[223, 60]
[224, 60]
[224, 59]
[225, 59]
[226, 59]
[227, 59]
[228, 59]
[229, 59]
[230, 59]
[230, 60]
[231, 60]
[232, 60]
[233, 60]
[234, 60]
[233, 60]
[234, 60]
[235, 60]
[236, 60]
[237, 60]
[238, 60]
[239, 60]
[240, 60]
[241, 60]
[242, 60]
[243, 60]
[244, 60]
[245, 60]
[246, 60]
[247, 60]
[248, 60]
[249, 60]
[250, 60]
[251, 60]
[252, 60]
[253, 60]
[254, 60]
[255, 60]
[256, 60]
[257, 60]
[258, 60]
[259, 60]
[260, 60]
[261, 60]
[262, 60]
[263, 60]
[264, 60]
[264, 61]
[265, 61]
[266, 61]
[267, 61]
[268, 61]
[269, 61]
[270, 61]
[271, 61]
[272, 61]
[273, 61]
[274, 61]
[275, 61]
[276, 61]
[277, 61]
[277, 60]
[278, 60]
[279, 60]
[280, 60]
[279, 60]
[280, 60]
[279, 60]
[280, 60]
[281, 60]
[282, 60]
[283, 60]
[284, 60]
[285, 60]
[286, 60]
[287, 60]
[288, 60]
[289, 60]
[290, 60]
[291, 60]
[292, 60]
[293, 60]
[294, 60]
[295, 60]
[296, 60]
[297, 60]
[298, 60]
[299, 60]
[299, 60]
[299, 60]
[299, 60]
[299, 60]
[299, 60]
[299, 60]
[299, 60]
[299, 60]
[299, 60]
[299, 60]
[299, 60]
[299, 60]
[299, 60]
[299, 60]
[299, 60]
[299, 60]
[299, 60]
[299, 60]
[299, 60]
[299, 60]
[299, 60]
[299, 60]
[299, 60]
[299, 60]
[299, 60]
[299, 60]
[299, 60]
[299, 60]
[299, 60]
[299, 60]
[299, 60]
[299, 60]
[299, 60]
[299, 60]
[299, 59]
[299, 59]
[298, 59]
[299, 59]
[299, 59]
[299, 59]
[299, 59]
[299, 59]
[299, 59]
[299, 59]
[299, 59]
[299, 59]
[298, 58]
[299, 59]
[299, 60]
[298, 59]
[298, 60]
[297, 59]
[296, 58]
[295, 57]
[294, 56]
[293, 55]
[292, 54]
[291, 53]
[290, 52]
[289, 51]
[288, 50]
[287, 49]
[286, 48]
[285, 47]
[284, 46]
[283, 45]
[282, 44]
[281, 43]
[280, 42]
[279, 41]
[278, 40]
[277, 39]
[276, 38]
[275, 37]
[274, 36]
[273, 35]
[272, 34]
[271, 33]
[270, 32]
[269, 31]
[268, 30]
[267, 29]
[266, 28]
[265, 27]
[264, 26]
[263, 25]
[262, 24]
[261, 23]
[260, 22]
[259, 21]
[258, 20]
[257, 19]
[256, 18]
[255, 17]
[254, 16]
[253, 15]
[252, 14]
[251, 13]
[250, 12]
[249, 11]
[248, 10]
[247, 9]
[248, 9]
[249, 8]
[248, 7]
[247, 6]
[246, 5]
[245, 4]
[244, 3]
[243, 2]
[243, 3]
[242, 2]
[241, 1]
[240, 1]
[239, 1]
[238, 1]
[237, 1]
[236, 1]
[235, 1]
[234, 1]
[233, 1]
[232, 1]
[231, 1]
[230, 1]
[229, 2]
[228, 1]
[227, 1]
[226, 1]
[225, 1]
[224, 1]
[223, 1]
[223, 1]
[222, 1]
[221, 1]
[220, 1]
[219, 1]
[218, 1]
[217, 1]
[216, 1]
[215, 1]
[214, 1]
[213, 1]
[212, 1]
[211, 1]
[210, 1]
[209, 1]
[208, 1]
[207, 1]
[206, 1]
[205, 1]
[204, 1]
[203, 1]
[203, 1]
[202, 1]
[201, 1]
[200, 1]
[199, 1]
[198, 1]
[197, 1]
[196, 1]
[195, 1]
[196, 2]
[195, 1]
[194, 1]
[193, 1]
[192, 1]
[191, 1]
[190, 1]
[189, 1]
[188, 1]
[187, 1]
[186, 1]
[185, 2]
[184, 1]
[183, 1]
[184, 1]
[183, 1]
[182, 1]
[181, 1]
[180, 1]
[179, 1]
[178, 1]
[177, 1]
[176, 1]
[175, 1]
[175, 1]
[174, 1]
[173, 1]
[172, 1]
[171, 1]
[170, 1]
[169, 1]
[168, 1]
[168, 2]
[167, 1]
[166, 1]
[165, 1]
[164, 1]
[163, 1]
[162, 1]
[161, 1]
[160, 1]
[159, 1]
[158, 1]
[157, 1]
[156, 1]
[155, 1]
[154, 1]
[153, 1]
[152, 1]
[151, 1]
[150, 2]
[149, 1]
[148, 1]
[147, 1]
[146, 1]
[145, 1]
[144, 1]
[143, 1]
[142, 1]
[141, 1]
[140, 1]
[139, 1]
[138, 1]
[137, 1]
[136, 1]
[135, 1]
[134, 1]
[133, 1]
[132, 1]
[131, 1]
[130, 1]
[129, 1]
[128, 1]
[127, 1]
[126, 1]
[125, 1]
[124, 1]
[123, 1]
[122, 1]
[121, 1]
[120, 1]
[119, 1]
[118, 1]
[117, 1]
[116, 1]
[115, 1]
[114, 1]
[113, 1]
[112, 1]
[111, 1]
[110, 1]
[111, 2]
[110, 1]
[109, 1]
[108, 1]
[107, 1]
[106, 1]
[105, 1]
[104, 1]
[103, 1]
[102, 1]
[101, 1]
[100, 1]
[99, 1]
[98, 1]
[97, 1]
[96, 1]
[95, 1]
[94, 1]
[93, 1]
[92, 1]
[91, 1]
[90, 1]
[89, 1]
[88, 1]
[87, 1]
[86, 1]
[85, 1]
[84, 1]
[83, 1]
[82, 1]
[81, 1]
[80, 1]
[79, 1]
[78, 1]
[77, 1]
[76, 1]
[75, 1]
[74, 1]
[73, 1]
[72, 1]
[71, 1]
[70, 1]
[69, 1]
[68, 1]
[67, 1]
[66, 1]
[65, 1]
[64, 1]
[63, 2]
[62, 1]
[61, 1]
[60, 1]
[59, 1]
[58, 1]
[59, 1]
[60, 1]
[61, 1]
[62, 1]
[63, 1]
[64, 1]
[63, 1]
[63, 1]
[64, 1]
[65, 1]
[66, 1]
[67, 1]
[66, 2]
[67, 1]
[68, 1]
[69, 1]
[70, 1]
[71, 1]
[72, 1]
[73, 1]
[74, 1]
[75, 1]
[76, 1]
[77, 1]
[78, 1]
[79, 1]
[80, 1]
[81, 1]
[82, 1]
[83, 1]
[84, 1]
[85, 1]
[85, 1]
[86, 1]
[87, 1]
[88, 1]
[89, 2]
[90, 1]
[91, 1]
[92, 1]
[93, 1]
[94, 1]
[95, 1]
[96, 1]
[97, 1]
[98, 1]
[99, 1]
[100, 1]
[101, 1]
[102, 1]
[103, 1]
[104, 1]
[105, 1]
[106, 1]
[107, 1]
[108, 1]
[109, 1]
[110, 1]
[111, 1]
[112, 1]
[113, 1]
[114, 1]
[115, 1]
[116, 1]
[117, 1]
[118, 1]
[119, 1]
[120, 1]
[121, 1]
[122, 1]
[123, 1]
[123, 1]
[124, 1]
[125, 1]
[126, 1]
[127, 1]
[128, 1]
[129, 1]
[130, 1]
[131, 1]
[132, 1]
[133, 1]
[134, 1]
[135, 1]
[136, 1]
[137, 1]
[138, 1]
[139, 1]
[140, 1]
[141, 1]
[142, 1]
[143, 1]
[144, 1]
[145, 1]
[146, 1]
[147, 1]
[148, 1]
[149, 1]
[150, 1]
[151, 1]
[152, 1]
[153, 1]
[154, 1]
[155, 1]
[156, 1]
[157, 1]
[158, 1]
[159, 1]
[160, 1]
[161, 1]
[162, 1]
[163, 1]
[164, 1]
[165, 1]
[166, 1]
[167, 1]
[168, 1]
[169, 1]
[170, 1]
[171, 1]
[172, 1]
[173, 1]
[174, 1]
[175, 1]
[176, 1]
[177, 1]
[178, 1]
[179, 1]
[180, 1]
[181, 1]
[182, 2]
[183, 3]
[184, 4]
[185, 5]
[186, 6]
[187, 7]
[188, 8]
[188, 9]
[189, 10]
[190, 11]
[191, 12]
[192, 13]
[193, 14]
[194, 15]
[195, 16]
[196, 17]
[197, 18]
[198, 19]
[199, 20]
[200, 21]
[201, 22]
[201, 21]
[202, 21]
[203, 22]
[204, 23]
[205, 24]
[206, 25]
[207, 26]
[208, 25]
[209, 26]
[210, 27]
[211, 28]
[212, 29]
[213, 30]
[214, 31]
[215, 32]
[216, 33]
[217, 32]
[218, 33]
[219, 34]
[218, 33]
[219, 34]
[218, 33]
[219, 34]
[218, 33]
[219, 34]
[218, 33]
[219, 34]
[218, 33]
[219, 34]
[218, 33]
[219, 34]
[218, 33]
[219, 34]
[218, 33]
[219, 34]
[218, 33]
[219, 34]
[218, 33]
[219, 34]
[218, 33]
[219, 34]
[218, 33]
[219, 34]
[218, 33]
[219, 34]
[218, 33]
[219, 34]
[218, 33]
[219, 34]
[218, 33]
[219, 34]
[218, 33]
[219, 34]
[218, 33]
[219, 34]
[218, 33]
[217, 33]
[218, 34]
[219, 35]
[218, 34]
[219, 35]
[218, 34]
[219, 35]
[218, 34]
[219, 35]
[218, 34]
[219, 35]
[218, 34]
[219, 35]
[218, 34]
[219, 35]
[218, 34]
[219, 35]
[218, 34]
[219, 35]
[218, 34]
[219, 35]
[218, 34]
[219, 35]
[218, 34]
[219, 35]
[218, 34]
[219, 35]
[219, 34]
[219, 35]
[218, 34]
[219, 35]
[219, 36]
[218, 35]
[219, 36]
[218, 35]
[219, 36]
[218, 35]
[219, 36]
[218, 35]
[219, 36]
[218, 35]
[219, 36]
[218, 35]
[219, 36]
[218, 35]
[219, 36]
[218, 35]
[219, 34]
[218, 33]
[219, 34]
[218, 33]
[219, 34]
[218, 33]
[218, 34]
[219, 35]
[218, 34]
[219, 35]
[218, 34]
[219, 35]
[218, 34]
[219, 35]
[218, 34]
[219, 35]
[218, 34]
[219, 35]
[218, 34]
[219, 35]
[218, 34]
[219, 35]
[218, 34]
[219, 35]
[218, 34]
[218, 35]
[219, 36]
[218, 35]
[219, 36]
[218, 35]
[219, 35]
[218, 34]
[219, 35]
[218, 34]
[219, 35]
[218, 34]
[219, 35]
[218, 34]
[219, 35]
[218, 34]
[219, 35]
[218, 34]
[219, 35]
[218, 34]
[219, 35]
[218, 34]
[219, 35]
[218, 34]
[219, 35]
[218, 34]
[219, 35]
[218, 34]
[217, 34]
[218, 35]
[219, 36]
[218, 35]
[219, 36]
[218, 35]
[219, 36]
[218, 35]
[219, 34]
[218, 33]
[219, 34]
[218, 33]
[219, 34]
[218, 33]
[219, 34]
[218, 33]
[219, 34]
[218, 33]
[219, 34]
[218, 33]
[217, 32]
[218, 33]
[219, 34]
[218, 33]
[219, 34]
[218, 33]
[219, 34]
[218, 33]
[219, 34]
[218, 33]
[218, 34]
[219, 35]
[218, 34]
[219, 35]
[218, 34]
[219, 35]
[220, 34]
[219, 33]
[218, 32]
[219, 33]
[218, 32]
[219, 33]
[218, 32]
[219, 33]
[220, 33]
[219, 32]
[218, 31]
[219, 32]
[218, 31]
[219, 32]
[218, 31]
[219, 32]
[218, 31]
[219, 32]
[218, 31]
[219, 32]
[218, 31]
[219, 32]
[218, 31]
[219, 32]
[218, 32]
[219, 33]
[220, 32]
[219, 32]
[218, 31]
[219, 32]
[218, 31]
[219, 32]
[218, 31]
[217, 31]
[216, 31]
[215, 31]
[214, 31]
[213, 31]
[212, 31]
[211, 31]
[210, 31]
[209, 31]
[208, 31]
[209, 31]
[208, 31]
[207, 31]
[206, 31]
[205, 31]
[204, 31]
[203, 31]
[202, 31]
[201, 31]
[200, 31]
[199, 31]
[198, 31]
[197, 31]
[196, 32]
[195, 32]
[196, 33]
[195, 33]
[194, 33]
[193, 33]
[192, 33]
[193, 32]
[192, 32]
[191, 32]
[190, 32]
[189, 32]
[190, 32]
[189, 32]
[188, 32]
[187, 32]
[186, 32]
[185, 32]
[184, 32]
[183, 32]
[182, 32]
[181, 32]
[180, 33]
[179, 33]
[178, 33]
[177, 33]
[176, 33]
[175, 33]
[174, 33]
[173, 33]
[172, 33]
[171, 33]
[170, 33]
[169, 33]
[168, 33]
[167, 33]
[166, 33]
[165, 33]
[164, 33]
[163, 33]
[162, 33]
[161, 33]
[160, 33]
[159, 33]
[159, 32]
[160, 31]
[159, 31]
[158, 31]
[157, 31]
[156, 31]
[155, 31]
[154, 31]
[154, 32]
[153, 32]
[152, 32]
[151, 32]
[150, 32]
[149, 32]
[150, 33]
[149, 32]
[148, 32]
[147, 32]
[147, 33]
[146, 33]
[145, 33]
[144, 33]
[143, 33]
[142, 33]
[141, 33]
[140, 33]
[139, 33]
[138, 33]
[137, 33]
[136, 33]
[135, 33]
[134, 33]
[133, 33]
[132, 33]
[131, 33]
[130, 33]
[129, 33]
[128, 33]
[127, 33]
[126, 33]
[125, 33]
[124, 33]
[123, 33]
[122, 33]
[121, 32]
[120, 32]
[119, 32]
[118, 32]
[118, 31]
[118, 30]
[118, 29]
[118, 28]
[118, 27]
[118, 26]
[118, 25]
[118, 24]
[118, 23]
[118, 22]
[117, 22]
[116, 22]
[115, 22]
[114, 22]
[113, 22]
[112, 22]
[111, 22]
[110, 22]
[109, 22]
[108, 22]
[107, 22]
[106, 22]
[105, 22]
[104, 22]
[105, 22]
[104, 22]
[103, 22]
[102, 22]
[101, 22]
[100, 22]
[99, 22]
[98, 22]
[97, 22]
[96, 22]
[95, 22]
[94, 22]
[93, 22]
[92, 22]
[91, 22]
[90, 22]
[91, 22]
[90, 22]
[89, 22]
[89, 23]
[88, 23]
[87, 23]
[86, 23]
[85, 23]
[84, 23]
[83, 23]
[82, 23]
[81, 23]
[80, 23]
[79, 23]
[78, 23]
[77, 23]
[76, 24]
[75, 24]
[74, 24]
[73, 25]
[72, 25]
[71, 25]
[70, 25]
[69, 25]
[68, 25]
[67, 25]
[66, 25]
[65, 26]
[64, 26]
[63, 26]
[62, 26]
[61, 26]
[60, 26]
[59, 26]
[58, 26]
[59, 26]
[60, 27]
[59, 27]
[58, 27]
[57, 27]
[56, 27]
[55, 27]
[54, 27]
[53, 27]
[52, 27]
[51, 27]
[50, 27]
[49, 27]
[50, 28]
[49, 28]
[48, 28]
[47, 28]
[46, 28]
[45, 28]
[44, 28]
[43, 28]
[42, 28]
[41, 28]
[42, 29]
[41, 29]
[40, 29]
[39, 29]
[38, 29]
[37, 29]
[36, 29]
[35, 29]
[34, 29]
[33, 29]
[32, 29]
[31, 29]
[31, 28]
[31, 27]
[31, 26]
[31, 25]
[31, 24]
[30, 23]
[30, 22]
[30, 21]
[30, 20]
[31, 20]
[31, 19]
[31, 20]
[31, 19]
[31, 18]
[31, 17]
[31, 16]
[31, 15]
[31, 14]
[31, 13]
[31, 12]
[31, 11]
[31, 10]
[31, 9]
[31, 8]
[31, 7]
[31, 6]
[31, 5]
[31, 4]
[31, 3]
[31, 2]
[31, 1]
[31, 1]
[31, 1]
[31, 1]
[31, 1]
[31, 1]
[31, 1]
[31, 1]
[31, 1]
[31, 1]
[31, 1]
[31, 1]
[31, 1]
[31, 1]
[31, 1]
[31, 1]
[31, 1]
[31, 1]
[31, 1]
[31, 1]
[31, 1]
[31, 1]
[31, 1]
[31, 1]
[31, 1]
[31, 1]
[31, 1]
[31, 1]
[31, 1]
[31, 1]
[31, 1]
[31, 1]
[31, 1]
[31, 1]
[31, 1]
[32, 1]
[33, 1]
[33, 1]
[34, 1]
[33, 1]
[32, 2]
[32, 1]
[32, 1]
[32, 1]
[32, 1]
[32, 1]
[32, 1]
[32, 1]
[32, 1]
[32, 1]
[32, 1]
[32, 1]
[32, 1]
[32, 1]
[32, 2]
[32, 1]
[32, 1]
[32, 1]
[32, 1]
[32, 1]
[32, 1]
[32, 1]
[32, 1]
[32, 1]
[32, 1]
[32, 1]
[32, 1]
[32, 1]
[32, 1]
[32, 1]
[32, 1]
[32, 1]
[32, 1]
[32, 1]
[32, 1]
[32, 1]
[32, 1]
[32, 1]
[32, 1]
[32, 1]
[32, 1]
[32, 1]
[32, 1]
[32, 1]
[32, 1]
[32, 1]
[32, 1]
[32, 1]
[32, 1]
[32, 1]
[32, 1]
[32, 1]
[32, 1]
[32, 1]
[32, 1]
[32, 1]
[32, 1]
[32, 1]
[32, 1]
[32, 1]
[32, 1]
[32, 1]
[32, 1]
[32, 1]
[32, 1]
[32, 1]
[32, 1]
[32, 1]
[32, 1]
[32, 1]
[31, 1]
[30, 1]
[30, 1]
[29, 1]
[28, 1]
[27, 1]
[26, 1]
[26, 2]
[25, 2]
[24, 2]
[23, 2]
[22, 2]
[21, 2]
[20, 2]
[19, 2]
[18, 2]
[18, 1]
[17, 1]
[16, 1]
[15, 2]
[14, 2]
[13, 2]
[12, 2]
[11, 2]
[12, 3]
[11, 3]
[10, 3]
[9, 3]
[8, 3]
[7, 3]
[6, 3]
[5, 3]
[4, 3]
[3, 3]
[2, 3]
[1, 3]
[1, 3]
[1, 3]
[1, 3]
[1, 3]
[1, 3]
[1, 3]
[1, 3]
[1, 3]
[1, 3]
[1, 4]
[1, 4]
[1, 4]
[1, 4]
[1, 4]
[1, 4]
[1, 3]
[1, 3]
[1, 3]
[1, 3]
[1, 3]
[1, 3]
[1, 3]
[1, 3]
[1, 3]
[1, 3]
[1, 3]
[1, 3]
[1, 3]
[1, 3]
[1, 3]
[1, 3]
[1, 3]
[1, 3]
[1, 3]
[1, 3]
[1, 3]
[1, 3]
[1, 3]
[1, 3]
[1, 3]
[1, 3]
[1, 3]
[1, 3]
[1, 3]
[1, 3]
[1, 3]
[1, 3]
[1, 3]
[1, 3]
[1, 2]
[1, 2]
[1, 2]
[1, 2]
[2, 2]
[1, 2]
[1, 2]
[1, 2]
[1, 2]
[1, 2]
[1, 2]
[1, 2]
[1, 2]
[1, 2]
[1, 2]
[1, 2]
[1, 2]
[1, 2]
[1, 2]
[1, 2]
[2, 3]
[3, 4]
[4, 5]
[5, 6]
[6, 7]
[7, 8]
[8, 9]
[9, 10]
[10, 11]
[11, 12]
[12, 13]
[13, 14]
[14, 15]
[15, 16]
[14, 16]
[15, 17]
[16, 18]
[17, 19]
[18, 20]
[19, 21]
[20, 22]
[21, 21]
[22, 22]
[23, 23]
[24, 24]
[25, 25]
[26, 26]
[27, 27]
[28, 28]
[29, 29]
[30, 30]
[31, 31]
[32, 32]
[33, 33]
[34, 34]
[35, 35]
[36, 36]
[37, 37]
[38, 38]
[39, 39]
[40, 40]
[41, 41]
[42, 42]
[43, 43]
[44, 44]
[45, 45]
[46, 46]
[47, 47]
[48, 48]
[49, 49]
[50, 50]
[51, 51]
[51, 50]
[52, 51]
[53, 52]
[54, 53]
[55, 53]
[56, 54]
[55, 55]
[56, 56]
[57, 57]
[58, 58]
[59, 59]
[60, 60]
[61, 61]
[62, 62]
[62, 63]
[63, 63]
[64, 64]
[65, 65]
[66, 66]
[67, 67]
[68, 68]
[69, 69]
[70, 70]
[71, 69]
[72, 68]
[73, 67]
[74, 66]
[75, 65]
[76, 64]
[77, 63]
[78, 62]
[79, 61]
[80, 60]
[81, 59]
[80, 58]
[81, 57]
[82, 56]
[83, 55]
[84, 54]
[85, 53]
[86, 52]
[87, 51]
[88, 50]
[89, 49]
[90, 50]
[91, 49]
[92, 48]
[91, 48]
[92, 47]
[93, 46]
[94, 45]
[93, 46]
[94, 45]
[95, 44]
[96, 43]
[97, 42]
[98, 41]
[99, 40]
[100, 39]
[101, 38]
[102, 37]
[103, 36]
[104, 35]
[105, 34]
[106, 33]
[107, 32]
[108, 31]
[109, 30]
[110, 29]
[111, 28]
[112, 27]
[113, 26]
[114, 25]
[115, 24]
[116, 23]
[117, 22]
[118, 21]
[119, 20]
[120, 19]
[121, 18]
[122, 17]
[123, 16]
[122, 16]
[123, 15]
[124, 14]
[125, 13]
[126, 12]
[127, 11]
[128, 10]
[129, 9]
[130, 8]
[131, 7]
[132, 6]
[133, 5]
[134, 4]
[135, 3]
[136, 2]
[137, 1]
[136, 1]
[137, 1]
[138, 1]
[139, 1]
[140, 1]
[141, 1]
[141, 2]
[142, 1]
[143, 1]
[144, 1]
[145, 1]
[146, 1]
[147, 1]
[148, 1]
[149, 1]
[150, 1]
[151, 1]
[152, 1]
[153, 1]
[154, 1]
[155, 1]
[156, 1]
[157, 1]
[158, 1]
[159, 1]
[160, 1]
[161, 1]
[162, 1]
[163, 1]
[164, 1]
[165, 2]
[166, 3]
[167, 4]
[168, 5]
[169, 6]
[170, 7]
[171, 8]
[172, 9]
[173, 10]
[174, 11]
[173, 11]
[174, 12]
[175, 13]
[176, 14]
[177, 15]
[178, 16]
[179, 15]
[180, 16]
[181, 17]
[182, 17]
[183, 18]
[184, 19]
[185, 20]
[186, 21]
[187, 22]
[188, 23]
[189, 24]
[190, 25]
[191, 26]
[192, 27]
[193, 28]
[194, 29]
[195, 30]
[196, 31]
[197, 32]
[196, 32]
[197, 33]
[196, 34]
[197, 35]
[198, 36]
[199, 37]
[200, 38]
[201, 39]
[200, 40]
[201, 41]
[202, 42]
[203, 43]
[204, 44]
[204, 45]
[205, 46]
[206, 47]
[207, 48]
[208, 49]
[209, 50]
[210, 51]
[211, 50]
[212, 49]
[213, 50]
[214, 51]
[215, 52]
[216, 53]
[217, 54]
[218, 55]
[219, 56]
[218, 55]
[219, 56]
[218, 55]
[219, 56]
[218, 55]
[219, 56]
[218, 55]
[219, 56]
[218, 55]
[219, 56]
[218, 55]
[219, 56]
[218, 55]
[219, 56]
[218, 55]
[219, 56]
[220, 57]
[219, 56]
[218, 55]
[219, 56]
[218, 55]
[219, 56]
[218, 55]
[219, 56]
[218, 55]
[217, 54]
[218, 55]
[219, 56]
[218, 57]
[219, 58]
[218, 57]
[219, 58]
[218, 57]
[219, 58]
[218, 57]
[218, 58]
[217, 59]
[218, 60]
[219, 61]
[218, 60]
[219, 59]
[218, 58]
[219, 59]
[218, 58]
[219, 59]
[218, 58]
[219, 59]
[218, 58]
[219, 59]
[218, 58]
[219, 59]
[218, 58]
[219, 59]
[218, 58]
[219, 59]
[218, 58]
[217, 58]
[218, 59]
[219, 60]
[218, 59]
[219, 60]
[218, 59]
[219, 60]
[218, 59]
[219, 60]
[218, 59]
[219, 60]
[218, 59]
[219, 60]
[219, 59]
[218, 58]
[219, 59]
[218, 58]
[219, 59]
[218, 59]
[219, 60]
[218, 59]
[219, 60]
[219, 59]
[218, 58]
[219, 59]
[218, 58]
[219, 59]
[218, 58]
[219, 59]
[218, 58]
[219, 59]
[218, 58]
[219, 59]
[218, 58]
[219, 59]
[218, 58]
[219, 59]
[218, 58]
[219, 58]
[218, 57]
[219, 58]
[218, 57]
[219, 58]
[218, 57]
[219, 58]
[218, 57]
[219, 58]
[218, 57]
[219, 58]
[218, 59]
[219, 60]
[218, 59]
[219, 60]
[218, 59]
[219, 60]
[218, 59]
[219, 60]
[218, 59]
[219, 60]
[218, 59]
[219, 60]
[218, 59]
[219, 60]
[218, 59]
[219, 60]
[218, 59]
[219, 60]
[218, 59]
[219, 60]
[218, 59]
[219, 60]
[218, 59]
[219, 60]
[218, 59]
[217, 59]
[218, 60]
[219, 61]
[218, 60]
[217, 61]
[218, 62]
[219, 63]
[218, 62]
[219, 62]
[218, 61]
[219, 62]
[218, 61]
[219, 62]
[218, 61]
[219, 62]
[218, 61]
[219, 62]
[218, 61]
[219, 62]
[218, 61]
[218, 62]
[219, 63]
[218, 62]
[219, 63]
[218, 62]
[219, 63]
[218, 62]
[219, 63]
[220, 63]
[221, 64]
[220, 63]
[219, 62]
[218, 61]
[218, 60]
[219, 61]
[218, 60]
[219, 61]
[218, 62]
[219, 63]
[218, 62]
[219, 63]
[218, 62]
[219, 63]
[219, 64]
[218, 63]
[219, 64]
[219, 65]
[218, 64]
[219, 65]
[218, 64]
[219, 65]
[218, 64]
[219, 65]
[218, 64]
[219, 65]
[218, 64]
[219, 65]
[218, 64]
[219, 65]
[218, 64]
[219, 65]
[218, 64]
[219, 65]
[218, 64]
[219, 65]
[218, 64]
[219, 65]
[218, 64]
[219, 65]
[218, 64]
[219, 65]
[218, 64]
[219, 65]
[218, 64]
[219, 65]
[218, 64]
[219, 65]
[218, 64]
[219, 65]
[218, 64]
[218, 63]
[219, 64]
[218, 63]
[219, 64]
[218, 63]
[219, 64]
[218, 63]
[219, 64]
[218, 63]
[219, 64]
[218, 63]
[219, 64]
[218, 65]
[219, 66]
[218, 65]
[219, 66]
[218, 65]
[219, 66]
[218, 65]
[219, 66]
[218, 65]
[217, 66]
[218, 67]
[217, 66]
[216, 65]
[217, 66]
[218, 67]
[219, 68]
[218, 67]
[219, 68]
[218, 67]
[219, 68]
[218, 67]
[219, 68]
[218, 67]
[219, 68]
[218, 67]
[219, 68]
[218, 67]
[219, 68]
[218, 67]
[219, 68]
[218, 67]
[219, 68]
[220, 69]
[219, 68]
[218, 67]
[218, 66]
[219, 67]
[218, 66]
[219, 67]
[218, 66]
[219, 67]
[218, 66]
[219, 65]
[218, 64]
[219, 65]
[220, 64]
[219, 63]
[218, 62]
[219, 63]
[218, 62]
[219, 61]
[218, 60]
[219, 61]
[218, 60]
[219, 61]
[218, 60]
[219, 61]
[218, 60]
[219, 61]
[218, 60]
[219, 61]
[218, 60]
[217, 60]
[218, 61]
[217, 60]
[218, 61]
[219, 62]
[218, 61]
[219, 62]
[218, 61]
[219, 62]
[218, 61]
[219, 60]
[218, 59]
[219, 60]
[218, 59]
[219, 60]
[218, 59]
[219, 60]
[218, 61]
[219, 62]
[218, 61]
[219, 62]
[218, 63]
[219, 64]
[218, 63]
[219, 64]
[218, 63]
[219, 64]
[218, 63]
[219, 64]
[218, 63]
[219, 64]
[218, 63]
[219, 64]
[218, 63]
[219, 64]
[218, 63]
[217, 64]
[216, 65]
[217, 66]
[218, 66]
[219, 67]
[218, 66]
[218, 65]
[219, 66]
[218, 65]
[219, 66]
[218, 65]
[219, 66]
[218, 65]
[218, 66]
[219, 67]
[218, 66]
[219, 67]
[218, 66]
[219, 67]
[218, 66]
[219, 67]
[218, 66]
[219, 66]
[218, 65]
[219, 66]
[218, 65]
[219, 66]
[218, 65]
[219, 66]
[218, 65]
[219, 66]
[218, 65]
[219, 66]
[218, 65]
[219, 66]
[218, 65]
[219, 66]
[218, 65]
[219, 66]
[218, 65]
[219, 66]
[218, 65]
[219, 66]
[218, 65]
[219, 66]
[218, 65]
[219, 66]
[218, 65]
[219, 66]
[220, 65]
[219, 64]
[218, 63]
[219, 64]
[218, 63]
[219, 64]
[219, 65]
[218, 64]
[218, 63]
[219, 64]
[218, 63]
[219, 64]
[218, 63]
[219, 64]
[218, 63]
[219, 64]
[218, 63]
[219, 64]
[218, 63]
[219, 64]
[218, 63]
[217, 63]
[218, 64]
[217, 64]
[218, 65]
[219, 66]
[218, 65]
[219, 66]
[218, 65]
[219, 66]
[218, 65]
[219, 66]
[218, 65]
[219, 66]
[218, 65]
[219, 66]
[218, 65]
[219, 66]
[218, 65]
[219, 66]
[219, 65]
[218, 64]
[219, 65]
[218, 64]
[219, 65]
[218, 64]
[219, 65]
[218, 64]
[219, 65]
[218, 64]
[219, 65]
[218, 64]
[219, 65]
[218, 64]
[219, 65]
[218, 64]
[219, 64]
[218, 63]
[219, 64]
[218, 63]
[219, 64]
[218, 63]
[218, 62]
[218, 61]
[218, 60]
[218, 59]
[218, 58]
[218, 57]
[218, 56]
[218, 55]
[218, 54]
[218, 53]
[218, 52]
[218, 51]
[217, 52]
[217, 51]
[217, 50]
[217, 49]
[217, 50]
[217, 49]
[217, 48]
[217, 47]
[217, 46]
[217, 45]
[217, 44]
[217, 43]
[217, 42]
[217, 41]
[217, 40]
[217, 39]
[217, 38]
[217, 37]
[216, 36]
[215, 35]
[214, 34]
[213, 33]
[212, 32]
[211, 31]
[210, 30]
[209, 29]
[208, 28]
[207, 27]
[206, 26]
[205, 25]
[204, 24]
[203, 23]
[202, 22]
[201, 21]
[200, 20]
[199, 21]
[198, 20]
[197, 19]
[196, 18]
[195, 17]
[194, 16]
[193, 15]
[192, 14]
[191, 13]
[190, 12]
[189, 11]
[188, 10]
[187, 9]
[186, 8]
[185, 7]
[186, 8]
[187, 8]
[186, 7]
[185, 6]
[185, 7]
[184, 6]
[183, 5]
[182, 4]
[181, 3]
[180, 2]
[179, 1]
[178, 1]
[177, 1]
[176, 1]
[175, 1]
[174, 1]
[173, 1]
[172, 1]
[171, 1]
[170, 1]
[169, 1]
[168, 1]
[167, 1]
[168, 1]
[167, 1]
[167, 1]
[166, 1]
[165, 1]
[164, 1]
[163, 1]
[162, 1]
[161, 1]
[160, 1]
[159, 1]
[158, 1]
[157, 1]
[156, 1]
[155, 1]
[154, 1]
[153, 1]
[152, 1]
[151, 1]
[150, 1]
[149, 1]
[148, 1]
[147, 1]
[146, 1]
[145, 1]
[145, 1]
[145, 1]
[145, 1]
[145, 1]
[145, 1]
[145, 1]
[145, 1]
[145, 1]
[145, 1]
[145, 1]
[145, 1]
[145, 2]
[145, 1]
[145, 1]
[144, 1]
[144, 1]
[144, 1]
[144, 1]
[144, 1]
[143, 1]
[143, 1]
[143, 1]
[143, 1]
[143, 2]
[143, 1]
[143, 1]
[143, 1]
[143, 1]
[143, 2]
[143, 1]
[144, 1]
[144, 1]
[144, 1]
[144, 1]
[143, 1]
[142, 1]
[142, 1]
[142, 1]
[142, 1]
[142, 1]
[142, 1]
[142, 1]
[142, 1]
[142, 1]
[142, 1]
[142, 1]
[142, 1]
[142, 1]
[142, 1]
[142, 1]
[142, 1]
[142, 1]
[142, 2]
[142, 1]
[142, 1]
[142, 1]
[142, 1]
[142, 1]
[142, 1]
[142, 1]
[142, 1]
[142, 1]
[142, 1]
[141, 2]
[141, 1]
[141, 1]
[141, 1]
[142, 1]
[142, 1]
[143, 1]
[143, 1]
[143, 2]
[143, 1]
[143, 1]
[143, 1]
[143, 1]
[144, 1]
[144, 1]
[144, 1]
[144, 1]
[144, 2]
[144, 1]
[144, 1]
[144, 1]
[144, 1]
[144, 1]
[144, 1]
[144, 1]
[144, 1]
[144, 1]
[144, 1]
[144, 1]
[144, 1]
[145, 1]
[145, 1]
[145, 1]
[145, 1]
[145, 1]
[145, 1]
[145, 1]
[145, 1]
[145, 1]
[146, 1]
[146, 1]
[146, 1]
[146, 1]
[146, 1]
[146, 1]
[146, 1]
[146, 1]
[146, 1]
[146, 1]
[145, 1]
[145, 1]
[145, 1]
[145, 1]
[145, 1]
[145, 1]
[145, 1]
[145, 2]
[145, 1]
[145, 1]
[145, 1]
[145, 1]
[145, 1]
[146, 1]
[146, 1]
[146, 1]
[146, 1]
[146, 1]
[146, 1]
[147, 2]
[147, 1]
[147, 1]
[147, 1]
[147, 1]
[147, 1]
[147, 1]
[147, 1]
[147, 1]
[147, 1]
[147, 1]
[147, 1]
[146, 1]
[146, 1]
[146, 1]
[146, 1]
[146, 1]
[146, 1]
[146, 1]
[146, 1]
[146, 1]
[146, 1]
[146, 1]
[146, 1]
[146, 1]
[146, 1]
[146, 1]
[146, 1]
[146, 1]
[145, 1]
[144, 1]
[143, 1]
[142, 1]
[141, 1]
[142, 1]
[143, 1]
[144, 1]
[143, 1]
[144, 1]
[145, 1]
[146, 1]
[147, 1]
[148, 1]
[149, 1]
[150, 2]
[151, 1]
[152, 1]
[153, 1]
[154, 1]
[154, 1]
[155, 1]
[156, 1]
[157, 1]
[158, 1]
[159, 1]
[160, 1]
[161, 1]
[162, 1]
[163, 1]
[164, 1]
[165, 1]
[166, 1]
[167, 1]
[168, 1]
[168, 1]
[169, 1]
[170, 1]
[171, 1]
[172, 1]
[173, 1]
[174, 1]
[175, 1]
[176, 1]
[177, 1]
[178, 1]
[179, 1]
[180, 1]
[181, 1]
[182, 1]
[183, 1]
[184, 1]
[185, 1]
[186, 1]
[187, 1]
[188, 1]
[187, 1]
[188, 1]
[189, 1]
[190, 1]
[191, 1]
[192, 1]
[193, 1]
[194, 1]
[195, 1]
[196, 1]
[197, 1]
[198, 1]
[199, 1]
[200, 2]
[201, 1]
[200, 2]
[201, 1]
[202, 1]
[203, 1]
[204, 1]
[205, 1]
[206, 1]
[207, 1]
[208, 1]
[209, 1]
[210, 1]
[211, 1]
[212, 1]
[213, 1]
[214, 1]
[215, 1]
[214, 2]
[215, 1]
[216, 1]
[217, 1]
[218, 1]
[219, 1]
[218, 2]
[219, 1]
[218, 1]
[219, 1]
[218, 1]
[219, 1]
[218, 1]
[219, 1]
[218, 1]
[219, 1]
[218, 1]
[219, 1]
[218, 1]
[219, 1]
[218, 1]
[217, 1]
[218, 1]
[219, 1]
[218, 1]
[219, 1]
[218, 1]
[217, 2]
[217, 1]
[218, 1]
[219, 1]
[218, 1]
[219, 1]
[218, 1]
[219, 1]
[218, 1]
[219, 1]
[218, 1]
[219, 1]
[218, 1]
[219, 1]
[218, 1]
[219, 1]
[218, 1]
[219, 1]
[220, 1]
[219, 1]
[218, 1]
[219, 1]
[218, 1]
[219, 1]
[220, 2]
[219, 1]
[218, 1]
[219, 1]
[218, 1]
[219, 1]
[218, 1]
[219, 1]
[218, 1]
[217, 1]
[218, 1]
[219, 1]
[218, 1]
[219, 1]
[218, 1]
[219, 1]
[218, 1]
[219, 1]
[218, 1]
[219, 1]
[218, 1]
[219, 1]
[218, 1]
[219, 1]
[218, 1]
[219, 1]
[218, 1]
[219, 1]
[218, 1]
[219, 1]
[218, 1]
[219, 1]
[218, 1]
[219, 1]
[218, 1]
[219, 1]
[218, 1]
[219, 1]
[218, 1]
[219, 1]
[218, 1]
[219, 1]
[218, 1]
[219, 1]
[219, 2]
[218, 1]
[219, 1]
[218, 1]
[219, 1]
[218, 1]
[219, 1]
[218, 1]
[217, 1]
[218, 1]
[219, 1]
[218, 1]
[219, 1]
[218, 1]
[217, 1]
[218, 1]
[219, 1]
[220, 1]
[219, 1]
[218, 1]
[219, 1]
[218, 1]
[219, 1]
[218, 1]
[219, 1]
[218, 1]
[217, 2]
[218, 1]
[219, 1]
[218, 1]
[219, 1]
[218, 1]
[219, 1]
[218, 1]
[219, 1]
[218, 1]
[218, 1]
[219, 1]
[218, 1]
[219, 1]
[218, 1]
[219, 1]
[218, 1]
[219, 1]
[218, 1]
[219, 1]
[218, 1]
[219, 1]
[218, 1]
[219, 1]
[218, 1]
[219, 1]
[218, 1]
[219, 1]
[218, 1]
[217, 2]
[218, 3]
[219, 2]
[218, 1]
[219, 1]
[218, 1]
[219, 1]
[218, 1]
[219, 1]
[218, 1]
[219, 1]
[218, 1]
[219, 1]
[218, 1]
[219, 1]
[218, 1]
[219, 1]
[218, 1]
[219, 1]
[218, 1]
[219, 1]
[218, 1]
[219, 1]
[218, 1]
[219, 1]
[218, 1]
[219, 1]
[218, 1]
[219, 1]
[218, 1]
[219, 1]
[218, 1]
[219, 1]
[219, 2]
[220, 2]
[219, 1]
[218, 1]
[218, 2]
[219, 3]
[218, 2]
[219, 3]
[218, 2]
[219, 3]
[218, 2]
[219, 3]
[218, 2]
[219, 3]
[218, 2]
[219, 3]
[218, 2]
[219, 3]
[218, 2]
[219, 3]
[218, 2]
[219, 3]
[218, 2]
[219, 3]
[218, 2]
[219, 3]
[218, 2]
[219, 3]
[218, 2]
[219, 3]
[218, 2]
[219, 3]
[218, 2]
[219, 3]
[218, 2]
[219, 3]
[218, 2]
[219, 3]
[218, 2]
[219, 3]
[218, 2]
[219, 3]
[218, 2]
[219, 3]
[218, 2]
[219, 3]
[218, 2]
[219, 3]
[218, 2]
[217, 1]
[218, 2]
[219, 3]
[218, 2]
[219, 3]
[218, 2]
[219, 3]
[218, 2]
[218, 1]
[219, 2]
[218, 1]
[219, 2]
[218, 1]
[219, 2]
[218, 1]
[219, 2]
[218, 1]
[217, 1]
[218, 2]
[219, 3]
[218, 2]
[219, 3]
[218, 2]
[219, 3]
[218, 2]
[219, 3]
[218, 2]
[218, 1]
[219, 2]
[218, 1]
[219, 2]
[218, 1]
[219, 2]
[218, 1]
[219, 2]
[218, 1]
[219, 2]
[218, 1]
[219, 2]
[218, 1]
[219, 1]
[218, 1]
[219, 2]
[218, 1]
[219, 1]
[218, 2]
[219, 3]
[218, 2]
[219, 3]
[218, 2]
[219, 3]
[218, 2]
[219, 3]
[218, 2]
[219, 3]
[218, 2]
[219, 3]
[218, 2]
[219, 3]
[218, 2]
[219, 3]
[218, 2]
[219, 3]
[218, 2]
[219, 3]
[218, 2]
[219, 3]
[218, 2]
[219, 3]
[218, 2]
[217, 2]
[218, 3]
[219, 4]
[218, 3]
[219, 4]
[219, 3]
[220, 4]
[219, 3]
[218, 2]
[219, 3]
[218, 2]
[219, 3]
[218, 2]
[219, 3]
[218, 2]
[219, 3]
[218, 2]
[218, 3]
[219, 4]
[218, 3]
[218, 4]
[219, 5]
[218, 4]
[219, 5]
[218, 4]
[219, 5]
[218, 4]
[219, 5]
[218, 4]
[219, 5]
[218, 4]
[219, 5]
[218, 4]
[219, 5]
[218, 4]
[219, 5]
[218, 4]
[219, 5]
[218, 4]
[219, 5]
[218, 4]
[219, 5]
[218, 4]
[219, 5]
[218, 4]
[219, 5]
[218, 4]
[219, 5]
[218, 4]
[219, 5]
[218, 4]
[219, 5]
[218, 4]
[219, 5]
[218, 4]
[219, 5]
[218, 4]
[219, 5]
[218, 4]
[219, 5]
[218, 4]
[219, 5]
[218, 4]
[219, 5]
[218, 4]
[219, 5]
[218, 4]
[219, 5]
[218, 4]
[219, 5]
[218, 4]
[219, 5]
[219, 6]
[218, 5]
[219, 6]
[218, 5]
[219, 6]
[218, 5]
[217, 4]
[218, 5]
[219, 6]
[218, 5]
[219, 6]
[219, 5]
[218, 4]
[219, 5]
[218, 4]
[217, 3]
[218, 4]
[219, 5]
[218, 4]
[219, 5]
[218, 4]
[219, 5]
[218, 4]
[219, 5]
[218, 4]
[219, 4]
[218, 3]
[219, 4]
[218, 3]
[219, 4]
[218, 3]
[219, 4]
[218, 3]
[219, 4]
[218, 3]
[219, 4]
[218, 3]
[219, 4]
[218, 3]
[217, 3]
[218, 4]
[219, 5]
[218, 4]
[219, 5]
[218, 4]
[219, 5]
[218, 4]
[219, 5]
[218, 4]
[219, 5]
[218, 4]
[219, 5]
[218, 4]
[219, 5]
[218, 4]
[219, 5]
[218, 4]
[219, 5]
[218, 4]
[219, 5]
[218, 4]
[218, 3]
[219, 4]
[219, 3]
[218, 2]
[219, 3]
[218, 2]
[219, 3]
[218, 2]
[219, 3]
[218, 2]
[219, 3]
[218, 2]
[219, 3]
[218, 2]
[219, 3]
[218, 2]
[219, 3]
[218, 2]
[219, 3]
[218, 2]
[219, 3]
[218, 2]
[219, 3]
[218, 2]
[218, 1]
[219, 2]
[218, 1]
[219, 2]
[218, 1]
[219, 2]
[218, 1]
[219, 2]
[218, 1]
[219, 2]
[220, 2]
[219, 1]
[218, 1]
[219, 2]
[218, 1]
[219, 2]
[218, 1]
[219, 2]
[218, 1]
[219, 2]
[218, 1]
[218, 2]
[219, 3]
[218, 2]
[219, 3]
[218, 2]
[219, 3]
[218, 2]
[219, 3]
[218, 2]
[219, 3]
[218, 2]
[219, 1]
[218, 1]
[219, 2]
[218, 1]
[219, 2]
[218, 1]
[219, 2]
[218, 1]
[219, 2]
[218, 1]
[219, 2]
[218, 1]
[219, 2]
[218, 1]
[219, 2]
[218, 1]
[219, 2]
[218, 1]
[217, 1]
[218, 2]
[219, 3]
[218, 2]
[219, 3]
[218, 2]
[219, 3]
[218, 2]
[219, 3]
[218, 2]
[219, 3]
[218, 2]
[219, 3]
[218, 2]
[219, 3]
[218, 2]
[219, 3]
[218, 2]
[219, 3]
[218, 2]
[219, 3]
[218, 2]
[219, 3]
[218, 2]
[219, 3]
[218, 2]
[219, 3]
[218, 2]
[219, 3]
[219, 4]
[218, 3]
[219, 4]
[218, 3]
[219, 4]
[220, 3]
[219, 4]
[220, 5]
[219, 4]
[218, 3]
[219, 4]
[218, 3]
[219, 4]
[218, 3]
[219, 4]
[218, 3]
[219, 4]
[218, 3]
[219, 4]
[218, 3]
[219, 4]
[218, 3]
[219, 4]
[218, 3]
[219, 4]
[218, 3]
[219, 4]
[218, 3]
[219, 4]
[218, 3]
[219, 4]
[220, 5]
[219, 4]
[218, 3]
[219, 4]
[218, 3]
[219, 4]
[218, 3]
[219, 4]
[218, 3]
[219, 4]
[218, 3]
[219, 3]
[218, 2]
[219, 3]
[218, 2]
[219, 3]
[218, 2]
[219, 3]
[218, 2]
[217, 1]
[218, 2]
[219, 3]
[218, 2]
[219, 3]
[219, 2]
[218, 1]
[219, 2]
[218, 1]
[219, 2]
[218, 1]
[219, 2]
[218, 1]
[219, 2]
[218, 1]
[219, 2]
[218, 1]
[219, 2]
[218, 1]
[219, 2]
[218, 1]
[219, 2]
[218, 1]
[219, 2]
[220, 3]
[219, 2]
[218, 2]
[219, 3]
[218, 2]
[219, 3]
[218, 2]
[219, 3]
[218, 2]
[219, 3]
[218, 2]
[219, 3]
[218, 2]
[219, 3]
[218, 2]
[218, 1]
[219, 2]
[218, 1]
[219, 2]
[218, 1]
[219, 2]
[218, 1]
[219, 2]
[218, 1]
[218, 1]
[219, 2]
[218, 1]
[219, 2]
[218, 1]
[219, 2]
[219, 3]
[218, 2]
[219, 3]
[218, 2]
[219, 3]
[218, 2]
[219, 3]
[218, 2]
[219, 3]
[218, 2]
[219, 3]
[218, 2]
[219, 3]
[218, 2]
[219, 3]
[220, 2]
[219, 1]
[218, 1]
[219, 2]
[218, 1]
[219, 2]
[218, 1]
[219, 2]
[218, 1]
[219, 2]
[218, 1]
[219, 2]
[220, 1]
[219, 1]
[218, 1]
[219, 2]
[218, 1]
[219, 2]
[218, 1]
[219, 1]
[218, 1]
[219, 2]
[218, 1]
[219, 2]
[218, 1]
[219, 2]
[218, 1]
[219, 1]
[218, 1]
[219, 2]
[218, 1]
[219, 2]
[218, 1]
[218, 1]
[219, 2]
[218, 1]
[219, 2]
[218, 1]
[219, 2]
[218, 1]
[219, 2]
[218, 1]
[219, 2]
[218, 1]
[219, 2]
[218, 1]
[219, 2]
[218, 1]
[219, 2]
[218, 1]
[219, 2]
[218, 1]
[219, 2]
[218, 1]
[219, 2]
[218, 1]
[219, 2]
[220, 2]
[219, 1]
[218, 1]
[219, 1]
[218, 1]
[219, 2]
[218, 1]
[219, 2]
[218, 1]
[219, 2]
[218, 1]
[219, 2]
[218, 1]
[219, 2]
[218, 1]
[219, 2]
[218, 2]
[219, 3]
[218, 2]
[219, 3]
[218, 2]
[219, 3]
[218, 2]
[219, 3]
[218, 2]
[219, 3]
[218, 2]
[219, 3]
[218, 2]
[219, 3]
[218, 2]
[219, 3]
[218, 2]
[219, 3]
[218, 2]
[219, 3]
[218, 2]
[219, 3]
[218, 2]
[219, 3]
[218, 2]
[219, 3]
[218, 2]
[219, 3]
[218, 4]
[218, 3]
[219, 4]
[218, 3]
[219, 4]
[218, 3]
[219, 4]
[220, 3]
[219, 2]
[218, 1]
[219, 2]
[218, 1]
[219, 2]
[218, 1]
[219, 2]
[218, 1]
[219, 2]
[218, 1]
[219, 2]
[218, 3]
[219, 4]
[218, 3]
[219, 4]
[218, 3]
[217, 2]
[218, 3]
[219, 4]
[220, 3]
[219, 2]
[218, 1]
[219, 2]
[218, 1]
[219, 2]
[218, 1]
[219, 2]
[219, 3]
[218, 2]
[219, 3]
[218, 2]
[219, 3]
[218, 2]
[219, 3]
[218, 2]
[219, 3]
[218, 4]
[219, 5]
[218, 4]
[219, 5]
[218, 4]
[219, 5]
[218, 4]
[219, 5]
[218, 4]
[219, 5]
[218, 4]
[219, 5]
[218, 4]
[219, 5]
[218, 4]
[219, 5]
[218, 4]
[219, 5]
[218, 4]
[219, 5]
[218, 4]
[219, 5]
[218, 4]
[219, 5]
[218, 4]
[219, 3]
[218, 2]
[219, 3]
[218, 2]
[219, 3]
[218, 2]
[219, 1]
[218, 1]
[219, 2]
[218, 1]
[219, 2]
[218, 1]
[219, 2]
[218, 1]
[219, 2]
[218, 1]
[219, 2]
[218, 1]
[219, 2]
[218, 1]
[219, 2]
[218, 1]
[219, 1]
[218, 1]
[219, 2]
[218, 1]
[219, 2]
[218, 1]
[219, 2]
[218, 1]
[219, 2]
[218, 1]
[219, 2]
[219, 3]
[218, 2]
[219, 3]
[218, 2]
[219, 3]
[218, 2]
[219, 3]
[218, 2]
[219, 3]
[218, 2]
[219, 3]
[218, 2]
[219, 3]
[218, 2]
[219, 3]
[218, 2]
[219, 3]
[218, 2]
[219, 3]
[218, 2]
[219, 3]
[218, 2]
[219, 3]
[218, 2]
[219, 3]
[218, 2]
[219, 3]
[218, 2]
[219, 3]
[218, 2]
[217, 2]
[218, 3]
[219, 4]
[218, 3]
[219, 4]
[219, 3]
[218, 2]
[219, 3]
[218, 2]
[219, 3]
[218, 2]
[219, 3]
[218, 2]
[219, 3]
[218, 2]
[219, 3]
[218, 2]
[219, 3]
[218, 2]
[219, 3]
[218, 2]
[219, 3]
[218, 2]
[219, 3]
[218, 2]
[219, 3]
[218, 2]
[219, 3]
[220, 4]
[219, 3]
[218, 2]
[217, 2]
[218, 3]
[219, 4]
[218, 3]
[219, 4]
[218, 3]
[219, 4]
[218, 3]
[219, 4]
[218, 3]
[219, 4]
[218, 3]
[219, 4]
[218, 4]
[219, 5]
[218, 4]
[219, 5]
[218, 4]
[219, 5]
[218, 4]
[219, 5]
[219, 6]
[218, 5]
[219, 6]
[218, 5]
[219, 6]
[218, 5]
[219, 6]
[218, 5]
[219, 6]
[218, 5]
[219, 6]
[218, 5]
[219, 6]
[218, 5]
[219, 6]
[218, 5]
[219, 6]
[219, 5]
[218, 4]
[219, 5]
[218, 5]
[219, 6]
[218, 5]
[219, 6]
[218, 5]
[219, 4]
[218, 3]
[219, 4]
[218, 3]
[219, 4]
[218, 3]
[219, 4]
[220, 5]
[219, 4]
[218, 3]
[219, 4]
[218, 3]
[219, 4]
[218, 3]
[219, 4]
[218, 3]
[219, 4]
[218, 3]
[219, 4]
[218, 3]
[219, 4]
[218, 3]
[219, 4]
[218, 3]
[219, 4]
[218, 3]
[219, 4]
[218, 3]
[219, 4]
[218, 3]
[219, 4]
[218, 3]
[219, 4]
[218, 3]
[219, 4]
[218, 3]
[218, 2]
[218, 1]
[218, 1]
[218, 1]
[218, 1]
[218, 1]
[218, 1]
[218, 1]
[219, 2]
[218, 1]
[218, 1]
[218, 1]
[218, 1]
[218, 1]
[218, 1]
[218, 1]
[218, 1]
[218, 1]
[218, 1]
[218, 1]
[218, 1]
[218, 1]
[218, 1]
[218, 1]
[218, 1]
[218, 1]
[218, 1]
[219, 1]
[219, 2]
[218, 1]
[218, 1]
[218, 1]
[218, 1]
[218, 1]
[218, 1]
[218, 1]
[218, 1]
[218, 1]
[218, 1]
[218, 1]
[218, 1]
[218, 2]
[218, 1]
[218, 1]
[218, 1]
[218, 1]
[218, 1]
[218, 1]
[218, 1]
[218, 1]
[218, 1]
[218, 1]
[218, 1]
[218, 1]
[218, 1]
[218, 1]
[218, 1]
[218, 1]
[218, 1]
[218, 1]
[218, 1]
[218, 1]
[218, 1]
[218, 1]
[218, 1]
[218, 1]
[218, 1]
[218, 1]
[218, 1]
[218, 1]
[218, 1]
[218, 1]
[217, 1]
[217, 1]
[217, 1]
[217, 1]
[217, 1]
[217, 1]
[217, 1]
[217, 1]
[217, 1]
[216, 1]
[216, 1]
[216, 1]
[216, 1]
[216, 1]
[216, 1]
[216, 1]
[216, 1]
[216, 1]
[216, 1]
[216, 1]
[216, 1]
[216, 1]
[216, 1]
[216, 1]
[216, 1]
[216, 1]
[216, 1]
[216, 1]
[215, 1]
[214, 1]
[213, 1]
[212, 1]
[211, 1]
[210, 1]
[209, 1]
[208, 1]
[207, 1]
[206, 1]
[205, 1]
[204, 1]
[203, 1]
[202, 1]
[201, 1]
[200, 1]
[199, 1]
[198, 1]
[197, 1]
[196, 1]
[195, 1]
[194, 1]
[193, 1]
[192, 1]
[191, 1]
[190, 1]
[189, 1]
[188, 1]
[187, 1]
[186, 1]
[185, 1]
[184, 1]
[183, 1]
[182, 2]
[181, 2]
[180, 2]
[179, 2]
[178, 2]
[179, 3]
[178, 3]
[177, 3]
[176, 3]
[175, 3]
[174, 3]
[173, 3]
[172, 3]
[171, 3]
[170, 3]
[169, 3]
[168, 3]
[167, 3]
[166, 3]
[165, 3]
[164, 3]
[163, 3]
[162, 3]
[162, 4]
[161, 4]
[160, 4]
[159, 4]
[158, 4]
[157, 4]
[156, 4]
[155, 4]
[154, 4]
[153, 4]
[152, 4]
[151, 4]
[150, 4]
[149, 5]
[148, 5]
[147, 5]
[146, 5]
[147, 5]
[148, 5]
[147, 5]
[146, 5]
[145, 5]
[144, 5]
[143, 5]
[142, 5]
[141, 5]
[140, 5]
[139, 5]
[138, 5]
[137, 5]
[136, 5]
[135, 5]
[135, 6]
[135, 7]
[134, 7]
[133, 7]
[132, 7]
[131, 7]
[130, 7]
[129, 7]
[128, 7]
[127, 7]
[126, 6]
[125, 6]
[124, 6]
[123, 6]
[122, 6]
[121, 6]
[120, 6]
[119, 6]
[118, 6]
[117, 6]
[116, 6]
[115, 6]
[114, 6]
[113, 6]
[112, 6]
[111, 6]
[110, 6]
[111, 5]
[112, 4]
[111, 4]
[112, 3]
[113, 2]
[114, 1]
[115, 1]
[116, 1]
[117, 1]
[118, 1]
[119, 1]
[120, 1]
[121, 1]
[122, 1]
[123, 1]
[124, 1]
[125, 1]
[126, 1]
[127, 1]
[128, 1]
[129, 1]
[129, 2]
[128, 3]
[129, 2]
[130, 1]
[131, 1]
[131, 1]
[131, 2]
[132, 1]
[133, 1]
[134, 1]
[135, 1]
[136, 1]
[137, 1]
[138, 1]
[139, 1]
[140, 1]
[141, 1]
[142, 1]
[143, 1]
[142, 2]
[143, 1]
[144, 1]
[145, 1]
[146, 1]
[147, 1]
[148, 1]
[149, 1]
[150, 1]
[151, 1]
[152, 1]
[153, 1]
[153, 2]
[154, 1]
[155, 1]
[156, 1]
[157, 1]
[158, 1]
[159, 1]
[160, 1]
[161, 1]
[162, 1]
[161, 1]
[162, 1]
[163, 1]
[163, 2]
[163, 3]
[163, 4]
[163, 5]
[163, 6]
[163, 7]
[163, 8]
[163, 9]
[163, 10]
[163, 11]
[163, 12]
[163, 13]
[163, 14]
[163, 15]
[163, 14]
[163, 15]
[163, 16]
[163, 17]
[162, 17]
[162, 18]
[162, 19]
[163, 18]
[163, 19]
[163, 20]
[162, 21]
[162, 22]
[162, 23]
[162, 24]
[162, 25]
[162, 26]
[162, 27]
[162, 28]
[162, 29]
[162, 30]
[162, 31]
[162, 32]
[162, 33]
[162, 34]
[161, 34]
[161, 35]
[161, 36]
[161, 37]
[162, 36]
[162, 37]
[162, 38]
[162, 39]
[162, 40]
[162, 41]
[162, 42]
[162, 43]
[162, 44]
[162, 45]
[162, 46]
[162, 47]
[162, 48]
[162, 49]
[162, 50]
[162, 51]
[162, 52]
[162, 53]
[161, 52]
[161, 53]
[161, 54]
[161, 55]
[161, 56]
[161, 57]
[161, 58]
[161, 59]
[161, 60]
[161, 61]
[161, 60]
[161, 61]
[161, 62]
[161, 63]
[161, 64]
[161, 65]
[161, 66]
[161, 67]
[161, 68]
[160, 69]
[160, 70]
[160, 71]
[160, 72]
[160, 73]
[160, 74]
[160, 75]
[160, 76]
[160, 77]
[160, 78]
[160, 79]
[160, 80]
[160, 81]
[160, 82]
[160, 83]
[160, 84]
[160, 85]
[160, 86]
[161, 86]
[161, 87]
[161, 88]
[161, 89]
[161, 90]
[161, 91]
[161, 92]
[161, 93]
[161, 94]
[161, 95]
[161, 96]
[161, 97]
[161, 98]
[161, 99]
[161, 100]
[161, 101]
[161, 102]
[161, 103]
[161, 104]
[161, 105]
[161, 106]
[161, 107]
[161, 108]
[161, 109]
[161, 110]
[161, 111]
[161, 112]
[161, 113]
[161, 112]
[161, 113]
[161, 114]
[161, 115]
[161, 116]
[161, 117]
[161, 118]
[161, 119]
[161, 120]
[161, 121]
[161, 122]
[161, 123]
[161, 124]
[161, 125]
[161, 126]
[161, 127]
[161, 128]
[161, 129]
[161, 130]
[161, 131]
[161, 132]
[161, 133]
[161, 134]
[161, 135]
[161, 136]
[161, 137]
[161, 138]
[161, 139]
[161, 140]
[161, 141]
[161, 142]
[161, 143]
[161, 144]
[162, 145]
[162, 146]
[162, 147]
[162, 146]
[162, 147]
[162, 146]
[162, 147]
[162, 146]
[162, 147]
[162, 146]
[162, 147]
[162, 146]
[162, 147]
[162, 146]
[162, 147]
[162, 146]
[162, 147]
[162, 146]
[162, 147]
[162, 146]
[162, 147]
[162, 146]
[162, 147]
[162, 146]
[162, 147]
[162, 146]
[162, 147]
[162, 146]
[162, 147]
[162, 146]
[162, 147]
[162, 146]
[162, 147]
[163, 147]
[163, 146]
[163, 147]
[163, 146]
[163, 147]
[163, 146]
[163, 147]
[163, 146]
[163, 147]
[162, 146]
[162, 147]
[162, 146]
[162, 147]
[162, 146]
[162, 147]
[162, 146]
[162, 147]
[162, 146]
[162, 147]
[162, 146]
[162, 147]
[162, 146]
[162, 147]
[162, 146]
[162, 147]
[162, 146]
[162, 147]
[162, 146]
[162, 147]
[162, 146]
[162, 147]
[162, 146]
[162, 147]
[163, 148]
[163, 147]
[163, 146]
[163, 147]
[163, 146]
[163, 147]
[163, 146]
[163, 147]
[163, 146]
[163, 147]
[163, 146]
[163, 147]
[163, 146]
[164, 145]
[164, 146]
[164, 147]
[164, 146]
[164, 147]
[164, 146]
[164, 147]
[164, 146]
[165, 145]
[165, 146]
[165, 147]
[165, 146]
[165, 147]
[165, 146]
[165, 147]
[165, 146]
[165, 147]
[165, 146]
[165, 147]
[166, 147]
[166, 146]
[165, 145]
[165, 146]
[165, 147]
[166, 146]
[166, 147]
[166, 146]
[166, 147]
[166, 146]
[166, 145]
[166, 146]
[166, 147]
[166, 146]
[166, 147]
[166, 146]
[166, 147]
[166, 146]
[166, 147]
[167, 148]
[167, 147]
[167, 146]
[167, 147]
[167, 146]
[167, 147]
[166, 148]
[166, 147]
[166, 146]
[166, 147]
[166, 146]
[166, 147]
[165, 146]
[165, 147]
[166, 148]
[166, 147]
[166, 146]
[166, 147]
[166, 146]
[166, 147]
[166, 146]
[166, 147]
[166, 146]
[166, 147]
[166, 146]
[166, 147]
[166, 146]
[166, 147]
[166, 146]
[166, 147]
[166, 146]
[166, 147]
[166, 146]
[165, 145]
[165, 146]
[165, 147]
[166, 147]
[166, 146]
[166, 147]
[166, 146]
[166, 147]
[166, 146]
[166, 147]
[166, 146]
[166, 147]
[166, 146]
[166, 147]
[166, 146]
[166, 147]
[166, 146]
[166, 147]
[166, 146]
[166, 147]
[166, 146]
[166, 147]
[166, 146]
[166, 147]
[166, 146]
[166, 147]
[166, 146]
[166, 147]
[166, 146]
[166, 145]
[166, 146]
[166, 147]
[166, 146]
[166, 147]
[166, 146]
[166, 147]
[166, 146]
[166, 147]
[166, 146]
[166, 147]
[166, 146]
[166, 147]
[165, 146]
[165, 147]
[165, 146]
[165, 147]
[165, 146]
[165, 147]
[165, 146]
[165, 147]
[165, 146]
[165, 147]
[165, 146]
[165, 147]
[165, 146]
[165, 147]
[165, 146]
[165, 147]
[165, 146]
[165, 147]
[165, 146]
[165, 147]
[165, 146]
[165, 147]
[165, 146]
[165, 147]
[165, 146]
[165, 147]
[165, 146]
[165, 147]
[165, 146]
[165, 147]
[164, 147]
[164, 146]
[163, 147]
[163, 146]
[163, 147]
[163, 146]
[163, 147]
[163, 146]
[163, 147]
[164, 148]
[164, 147]
[164, 146]
[164, 147]
[165, 148]
[165, 147]
[165, 146]
[165, 147]
[165, 146]
[165, 147]
[165, 146]
[165, 147]
[165, 146]
[165, 147]
[165, 146]
[165, 147]
[166, 147]
[166, 146]
[166, 147]
[166, 146]
[166, 147]
[166, 146]
[166, 147]
[166, 146]
[166, 147]
[166, 146]
[166, 147]
[166, 146]
[166, 147]
[166, 146]
[166, 147]
[166, 146]
[166, 147]
[166, 146]
[166, 147]
[166, 146]
[166, 147]
[166, 146]
[166, 147]
[166, 146]
[166, 147]
[166, 146]
[166, 147]
[166, 146]
[166, 147]
[166, 146]
[166, 147]
[166, 146]
[166, 147]
[166, 146]
[166, 147]
[166, 146]
[166, 147]
[166, 146]
[166, 147]
[166, 146]
[166, 147]
[166, 146]
[166, 147]
[166, 146]
[166, 147]
[166, 146]
[166, 147]
[166, 146]
[166, 147]
[166, 146]
[166, 147]
[166, 146]
[166, 147]
[166, 146]
[166, 147]
[166, 146]
[166, 147]
[166, 146]
[166, 147]
[166, 146]
[166, 147]
[166, 146]
[166, 147]
[166, 146]
[166, 147]
[166, 146]
[166, 147]
[166, 146]
[166, 145]
[166, 146]
[166, 147]
[167, 147]
[167, 146]
[167, 147]
[167, 146]
[167, 147]
[167, 146]
[167, 147]
[168, 148]
[168, 147]
[168, 146]
[168, 147]
[168, 146]
[168, 147]
[168, 146]
[168, 147]
[169, 148]
[169, 147]
[169, 146]
[169, 147]
[169, 146]
[169, 147]
[169, 146]
[169, 147]
[169, 146]
[169, 147]
[169, 146]
[169, 147]
[169, 146]
[170, 146]
[170, 147]
[170, 146]
[170, 147]
[170, 146]
[170, 147]
[170, 146]
[170, 147]
[170, 146]
[170, 147]
[170, 146]
[170, 147]
[170, 146]
[170, 147]
[170, 146]
[169, 147]
[169, 146]
[169, 147]
[169, 146]
[169, 147]
[169, 146]
[169, 147]
[169, 146]
[170, 147]
[170, 146]
[170, 147]
[170, 146]
[170, 147]
[170, 146]
[170, 147]
[170, 146]
[170, 147]
[170, 146]
[170, 147]
[170, 146]
[170, 147]
[170, 146]
[169, 145]
[169, 146]
[169, 147]
[169, 146]
[169, 147]
[169, 146]
[169, 147]
[169, 146]
[169, 147]
[169, 146]
[169, 147]
[169, 146]
[169, 147]
[169, 146]
[169, 147]
[169, 146]
[169, 147]
[169, 146]
[169, 147]
[169, 146]
[169, 147]
[169, 146]
[169, 147]
[169, 146]
[169, 147]
[169, 146]
[169, 147]
[169, 146]
[169, 147]
[169, 146]
[169, 147]
[170, 146]
[170, 147]
[170, 146]
[170, 147]
[170, 146]
[170, 147]
[170, 146]
[170, 147]
[170, 146]
[170, 147]
[170, 146]
[170, 147]
[170, 146]
[170, 147]
[170, 146]
[170, 147]
[170, 146]
[170, 147]
[170, 146]
[170, 147]
[170, 146]
[170, 147]
[170, 146]
[169, 145]
[169, 146]
[169, 147]
[169, 146]
[169, 147]
[169, 146]
[169, 147]
[169, 146]
[169, 147]
[169, 146]
[169, 147]
[169, 146]
[169, 147]
[169, 146]
[169, 147]
[169, 146]
[169, 147]
[169, 146]
[169, 147]
[169, 146]
[170, 147]
[170, 146]
[171, 147]
[171, 146]
[171, 147]
[171, 146]
[171, 147]
[171, 146]
[171, 147]
[171, 146]
[171, 147]
[171, 146]
[171, 147]
[170, 147]
[170, 146]
[170, 147]
[170, 146]
[170, 147]
[170, 146]
[170, 147]
[170, 146]
[170, 147]
[170, 146]
[170, 147]
[170, 146]
[170, 147]
[169, 146]
[169, 147]
[169, 146]
[169, 147]
[169, 146]
[169, 147]
[169, 146]
[169, 147]
[169, 146]
[169, 147]
[169, 146]
[170, 147]
[170, 146]
[170, 147]
[170, 146]
[169, 145]
[169, 146]
[169, 147]
[169, 146]
[169, 147]
[168, 147]
[169, 146]
[170, 146]
[170, 147]
[170, 146]
[170, 147]
[170, 146]
[170, 147]
[170, 146]
[170, 147]
[170, 146]
[170, 147]
[170, 146]
[170, 147]
[170, 146]
[170, 147]
[170, 146]
[170, 147]
[170, 146]
[170, 147]
[170, 146]
[170, 147]
[170, 146]
[170, 147]
[170, 146]
[170, 147]
[170, 146]
[170, 147]
[170, 146]
[170, 147]
[170, 146]
[170, 147]
[170, 146]
[170, 147]
[170, 146]
[170, 147]
[170, 146]
[170, 147]
[170, 146]
[170, 147]
[170, 146]
[170, 147]
[170, 146]
[170, 147]
[170, 146]
[170, 147]
[170, 146]
[170, 147]
[170, 146]
[170, 147]
[170, 146]
[170, 147]
[170, 146]
[170, 147]
[170, 146]
[170, 147]
[170, 146]
[170, 147]
[170, 146]
[171, 145]
[171, 146]
[171, 147]
[171, 146]
[171, 147]
[171, 146]
[171, 147]
[171, 146]
[171, 147]
[171, 146]
[171, 147]
[171, 146]
[171, 147]
[171, 146]
[171, 147]
[171, 146]
[171, 147]
[171, 148]
[171, 147]
[171, 146]
[172, 147]
[172, 146]
[173, 147]
[173, 146]
[174, 147]
[174, 148]
[174, 147]
[174, 146]
[175, 147]
[175, 146]
[176, 147]
[176, 146]
[177, 147]
[177, 146]
[178, 147]
[178, 146]
[179, 147]
[179, 146]
[180, 147]
[180, 148]
[180, 147]
[180, 146]
[181, 147]
[181, 146]
[182, 147]
[182, 146]
[182, 147]
[182, 146]
[183, 147]
[183, 146]
[183, 147]
[183, 146]
[183, 145]
[184, 146]
[185, 147]
[186, 148]
[186, 147]
[186, 146]
[187, 147]
[187, 146]
[188, 147]
[188, 146]
[189, 147]
[189, 146]
[190, 147]
[190, 146]
[191, 147]
[191, 146]
[192, 147]
[192, 146]
[191, 145]
[192, 146]
[193, 147]
[194, 147]
[194, 146]
[195, 147]
[195, 146]
[196, 147]
[196, 146]
[197, 147]
[197, 146]
[198, 147]
[198, 146]
[199, 147]
[199, 146]
[200, 147]
[200, 146]
[201, 147]
[201, 146]
[202, 147]
[202, 146]
[203, 147]
[203, 146]
[204, 147]
[204, 146]
[205, 147]
[205, 146]
[206, 147]
[206, 146]
[207, 147]
[207, 146]
[208, 147]
[208, 146]
[209, 147]
[209, 146]
[210, 147]
[210, 146]
[211, 147]
[211, 146]
[212, 147]
[212, 146]
[213, 147]
[213, 146]
[214, 147]
[214, 146]
[215, 147]
[215, 146]
[216, 147]
[216, 146]
[217, 147]
[217, 146]
[218, 147]
[218, 146]
[219, 147]
