[142, 203]
[143, 204]
[144, 205]
[145, 206]
[146, 207]
[147, 208]
[148, 209]
[149, 210]
[150, 211]
[151, 212]
[152, 213]
[153, 214]
[154, 215]
[155, 216]
[156, 217]
[157, 218]
[158, 219]
[159, 220]
[160, 221]
[161, 222]
[162, 223]
[161, 223]
[162, 224]
[163, 225]
[164, 226]
[165, 227]
[166, 228]
[167, 229]
[168, 230]
[169, 231]
[170, 232]
[171, 233]
[172, 234]
[173, 235]
[174, 236]
[175, 237]
[176, 238]
[177, 239]
[178, 240]
[179, 241]
[180, 242]
[181, 243]
[181, 242]
[182, 243]
[183, 244]
[184, 245]
[184, 244]
[185, 243]
[186, 244]
[187, 245]
[187, 244]
[186, 243]
[187, 244]
[188, 245]
[188, 244]
[189, 245]
[189, 244]
[190, 245]
[190, 244]
[191, 245]
[191, 244]
[192, 245]
[192, 244]
[193, 245]
[193, 244]
[194, 245]
[194, 244]
[195, 245]
[195, 244]
[196, 245]
[196, 244]
[196, 245]
[196, 244]
[197, 245]
[197, 244]
[198, 245]
[198, 244]
[199, 245]
[199, 244]
[199, 245]
[199, 244]
[200, 245]
[200, 244]
[201, 245]
[201, 244]
[201, 245]
[201, 244]
[202, 245]
[202, 244]
[203, 245]
[203, 244]
[204, 245]
[204, 244]
[205, 245]
[205, 244]
[206, 245]
[206, 244]
[207, 245]
[207, 244]
[207, 243]
[207, 242]
[207, 241]
[207, 240]
[207, 239]
[207, 238]
[207, 237]
[207, 236]
[207, 235]
[207, 234]
[207, 233]
[207, 232]
[207, 231]
[207, 230]
[207, 229]
[207, 228]
[208, 227]
[208, 226]
[208, 225]
[208, 224]
[208, 223]
[208, 222]
[208, 221]
[208, 220]
[208, 219]
[208, 218]
[208, 217]
[208, 216]
[208, 215]
[208, 214]
[208, 213]
[208, 212]
[208, 211]
[207, 212]
[207, 211]
[207, 210]
[207, 209]
[207, 208]
[207, 207]
[207, 206]
[207, 205]
[207, 204]
[207, 203]
[208, 202]
[208, 201]
[208, 200]
[208, 199]
[207, 199]
[207, 198]
[207, 197]
[207, 196]
[207, 195]
[207, 194]
[207, 193]
[207, 192]
[207, 191]
[207, 190]
[207, 189]
[207, 188]
[206, 189]
[206, 188]
[206, 187]
[205, 187]
[205, 186]
[205, 185]
[206, 185]
[207, 185]
[208, 185]
[209, 185]
[210, 185]
[211, 184]
[212, 183]
[213, 182]
[214, 181]
[215, 180]
[216, 179]
[217, 178]
[218, 177]
[219, 176]
[220, 175]
[221, 174]
[222, 173]
[223, 172]
[224, 172]
[225, 171]
[226, 170]
[227, 169]
[228, 168]
[229, 167]
[230, 166]
[231, 165]
[232, 164]
[233, 163]
[234, 162]
[235, 161]
[236, 160]
[237, 159]
[238, 158]
[239, 157]
[240, 156]
[241, 155]
[242, 154]
[243, 153]
[244, 152]
[245, 151]
[246, 150]
[247, 149]
[248, 148]
[249, 147]
[250, 146]
[251, 145]
[252, 144]
[253, 143]
[254, 142]
[255, 141]
[256, 140]
[257, 139]
[258, 138]
[259, 137]
[260, 136]
[261, 135]
[262, 134]
[263, 133]
[264, 132]
[265, 131]
[266, 130]
[267, 129]
[267, 128]
[268, 127]
[269, 126]
[270, 125]
[271, 124]
[272, 123]
[273, 122]
[274, 121]
[275, 120]
[276, 119]
[277, 118]
[278, 117]
[279, 116]
[280, 115]
[281, 114]
[282, 113]
[283, 112]
[284, 111]
[285, 110]
[286, 109]
[287, 108]
[288, 107]
[289, 106]
[290, 105]
[291, 104]
[290, 104]
[291, 103]
[292, 102]
[293, 101]
[294, 100]
[293, 101]
[294, 100]
[295, 99]
[296, 98]
[297, 97]
[298, 96]
[299, 95]
[299, 94]
[299, 93]
[299, 92]
[299, 91]
[299, 90]
[299, 89]
[299, 88]
[299, 87]
[299, 86]
[299, 85]
[299, 84]
[299, 83]
[299, 82]
[299, 81]
[299, 80]
[299, 79]
[299, 78]
[299, 77]
[299, 76]
[299, 75]
[299, 74]
[299, 73]
[299, 72]
[298, 71]
[299, 70]
[299, 69]
[298, 68]
[299, 69]
[298, 68]
[297, 67]
[296, 67]
[295, 66]
[294, 65]
[293, 64]
[292, 63]
[291, 62]
[290, 61]
[289, 60]
[288, 59]
[287, 58]
[286, 57]
[285, 56]
[284, 55]
[283, 54]
[282, 53]
[281, 52]
[282, 51]
[281, 50]
[280, 49]
[279, 48]
[279, 49]
[278, 48]
[277, 47]
[278, 47]
[277, 46]
[276, 45]
[275, 44]
[274, 43]
[273, 42]
[272, 41]
[271, 40]
[270, 39]
[269, 38]
[268, 37]
[267, 36]
[266, 35]
[265, 34]
[264, 33]
[263, 32]
[262, 31]
[261, 30]
[261, 29]
[260, 28]
[259, 27]
[258, 26]
[257, 25]
[256, 24]
[255, 23]
[254, 22]
[253, 21]
[254, 21]
[253, 20]
[252, 19]
[251, 18]
[250, 17]
[249, 16]
[248, 15]
[247, 14]
[246, 13]
[245, 12]
[244, 11]
[243, 10]
[242, 9]
[241, 8]
[240, 7]
[239, 6]
[238, 5]
[237, 4]
[236, 3]
[235, 2]
[234, 1]
[233, 1]
[233, 1]
[232, 1]
[231, 1]
[230, 1]
[229, 1]
[228, 1]
[227, 1]
[226, 1]
[225, 1]
[224, 1]
[223, 1]
[222, 1]
[221, 1]
[220, 1]
[219, 1]
[218, 1]
[217, 1]
[216, 1]
[215, 1]
[214, 1]
[213, 1]
[212, 1]
[211, 1]
[210, 1]
[209, 1]
[208, 1]
[207, 1]
[206, 1]
[205, 1]
[204, 1]
[203, 2]
[202, 1]
[201, 1]
[201, 2]
[202, 3]
[201, 2]
[200, 1]
[199, 1]
[198, 1]
[197, 1]
[198, 2]
[197, 1]
[196, 1]
[195, 1]
[194, 2]
[193, 1]
[192, 1]
[191, 1]
[190, 1]
[189, 1]
[188, 1]
[187, 1]
[186, 1]
[185, 1]
[184, 1]
[183, 1]
[182, 1]
[181, 1]
[180, 1]
[179, 1]
[178, 1]
[177, 1]
[176, 1]
[175, 1]
[176, 1]
[175, 1]
[174, 1]
[173, 1]
[172, 1]
[171, 1]
[170, 1]
[169, 1]
[168, 1]
[167, 1]
[166, 1]
[165, 1]
[164, 1]
[163, 1]
[162, 1]
[163, 1]
[162, 1]
[161, 1]
[160, 1]
[159, 1]
[160, 2]
[159, 2]
[158, 2]
[157, 2]
[156, 2]
[155, 2]
[154, 2]
[155, 2]
[154, 1]
[153, 1]
[152, 1]
[151, 1]
[150, 1]
[149, 1]
[148, 1]
[147, 1]
[146, 1]
[145, 1]
[144, 1]
[143, 1]
[143, 1]
[142, 1]
[141, 1]
[140, 1]
[140, 2]
[139, 2]
[138, 2]
[137, 2]
[136, 2]
[135, 2]
[134, 2]
[133, 2]
[132, 2]
[131, 2]
[130, 2]
[129, 2]
[128, 2]
[127, 2]
[126, 2]
[125, 2]
[124, 1]
[123, 1]
[122, 1]
[121, 1]
[120, 1]
[119, 1]
[118, 1]
[117, 1]
[116, 1]
[115, 1]
[114, 2]
[113, 2]
[112, 2]
[111, 2]
[110, 2]
[109, 2]
[108, 2]
[107, 2]
[106, 2]
[105, 2]
[105, 3]
[104, 3]
[103, 4]
[102, 4]
[101, 4]
[100, 4]
[99, 4]
[98, 4]
[97, 4]
[96, 4]
[97, 4]
[96, 4]
[95, 4]
[94, 4]
[93, 4]
[92, 4]
[91, 4]
[90, 4]
[89, 4]
[88, 4]
[87, 4]
[86, 4]
[85, 4]
[84, 4]
[83, 4]
[82, 4]
[81, 4]
[80, 4]
[79, 4]
[78, 4]
[77, 4]
[76, 4]
[76, 5]
[75, 5]
[74, 5]
[73, 5]
[72, 5]
[71, 5]
[70, 5]
[69, 5]
[68, 5]
[67, 5]
[66, 5]
[65, 5]
[64, 5]
[63, 5]
[62, 5]
[61, 5]
[60, 5]
[59, 5]
[58, 5]
[57, 5]
[56, 5]
[55, 5]
[54, 5]
[53, 5]
[52, 5]
[51, 5]
[50, 5]
[49, 5]
[48, 5]
[47, 5]
[46, 5]
[45, 5]
[44, 5]
[43, 5]
[42, 5]
[41, 5]
[40, 5]
[39, 5]
[38, 5]
[37, 5]
[36, 5]
[35, 5]
[34, 5]
[33, 5]
[32, 4]
[31, 3]
[30, 3]
[29, 3]
[28, 4]
[27, 4]
[26, 4]
[25, 4]
[24, 4]
[23, 4]
[22, 4]
[21, 4]
[20, 4]
[19, 4]
[19, 3]
[19, 2]
[18, 3]
[17, 4]
[16, 4]
[15, 4]
[14, 4]
[13, 4]
[12, 4]
[11, 4]
[10, 4]
[9, 4]
[8, 3]
[7, 3]
[6, 3]
[5, 3]
[4, 3]
[3, 3]
[2, 3]
[1, 3]
[1, 3]
[1, 3]
[1, 3]
[1, 3]
[1, 3]
[1, 3]
[1, 3]
[1, 3]
[1, 3]
[1, 3]
[1, 3]
[2, 3]
[1, 3]
[1, 3]
[1, 3]
[2, 3]
[1, 3]
[1, 3]
[1, 3]
[1, 3]
[1, 3]
[1, 3]
[1, 3]
[1, 3]
[1, 3]
[1, 3]
[1, 3]
[1, 3]
[1, 3]
[2, 4]
[1, 4]
[1, 4]
[1, 4]
[1, 4]
[1, 3]
[1, 3]
[1, 2]
[1, 2]
[1, 2]
[1, 2]
[1, 2]
[2, 3]
[1, 3]
[1, 3]
[1, 3]
[1, 3]
[1, 3]
[1, 3]
[1, 3]
[1, 3]
[1, 3]
[1, 3]
[1, 3]
[1, 3]
[1, 3]
[1, 3]
[1, 3]
[1, 3]
[1, 3]
[1, 3]
[1, 3]
[1, 3]
[1, 3]
[1, 3]
[1, 3]
[1, 3]
[1, 3]
[1, 3]
[1, 3]
[1, 4]
[1, 3]
[1, 2]
[1, 1]
[1, 1]
[1, 1]
[1, 1]
[1, 1]
[1, 1]
[1, 1]
[1, 1]
[1, 1]
[1, 1]
[1, 1]
[1, 1]
[1, 1]
[1, 1]
[1, 1]
[1, 1]
[1, 1]
[1, 1]
[1, 1]
[1, 1]
[1, 1]
[1, 1]
[1, 1]
[1, 1]
[1, 1]
[1, 2]
[1, 1]
[1, 1]
[1, 1]
[1, 1]
[2, 1]
[1, 1]
[1, 1]
[1, 1]
[1, 1]
[1, 1]
[1, 1]
[1, 1]
[1, 1]
[1, 1]
[1, 1]
[1, 1]
[1, 1]
[1, 1]
[1, 1]
[1, 1]
[2, 2]
[1, 2]
[1, 2]
[1, 2]
[1, 2]
[1, 2]
[2, 2]
[1, 2]
[1, 3]
[1, 3]
[1, 3]
[2, 2]
[1, 2]
[2, 1]
[1, 1]
[1, 2]
[1, 2]
[1, 2]
[1, 2]
[1, 2]
[1, 2]
[1, 2]
[1, 2]
[1, 2]
[1, 2]
[1, 2]
[1, 2]
[1, 3]
[1, 3]
[1, 3]
[1, 3]
[1, 3]
[1, 3]
[2, 4]
[1, 4]
[1, 4]
[1, 4]
[1, 4]
[1, 4]
[2, 3]
[1, 3]
[1, 3]
[1, 3]
[2, 2]
[1, 2]
[1, 2]
[1, 2]
[1, 2]
[1, 2]
[1, 2]
[1, 2]
[1, 2]
[1, 2]
[1, 2]
[1, 2]
[1, 2]
[1, 2]
[1, 2]
[1, 2]
[1, 1]
[1, 1]
[1, 1]
[1, 1]
[1, 1]
[1, 1]
[1, 1]
[1, 1]
[1, 1]
[1, 2]
[1, 3]
[1, 3]
[1, 3]
[1, 3]
[1, 3]
[1, 3]
[1, 3]
[1, 3]
[1, 4]
[1, 5]
[1, 5]
[1, 6]
[1, 7]
[1, 6]
[1, 5]
[1, 4]
[1, 5]
[1, 4]
[1, 3]
[2, 2]
[2, 1]
[2, 2]
[2, 1]
[2, 1]
[2, 1]
[2, 1]
[2, 1]
[2, 1]
[2, 1]
[2, 1]
[2, 1]
[2, 1]
[2, 1]
[2, 1]
[2, 1]
[2, 1]
[2, 1]
[2, 1]
[2, 1]
[2, 1]
[1, 1]
[1, 1]
[1, 1]
[1, 1]
[1, 1]
[1, 1]
[1, 1]
[1, 1]
[2, 2]
[1, 3]
[1, 4]
[1, 5]
[1, 6]
[1, 7]
[1, 8]
[1, 9]
[1, 10]
[1, 11]
[2, 10]
[1, 11]
[1, 12]
[1, 13]
[2, 14]
[1, 15]
[1, 16]
[1, 17]
[1, 18]
[1, 19]
[1, 20]
[1, 21]
[1, 22]
[1, 23]
[1, 24]
[1, 25]
[1, 26]
[1, 27]
[1, 28]
[1, 29]
[1, 30]
[1, 31]
[1, 32]
[2, 31]
[1, 32]
[2, 32]
[1, 33]
[1, 34]
[1, 35]
[1, 36]
[1, 37]
[1, 36]
[1, 37]
[1, 38]
[1, 39]
[1, 40]
[1, 41]
[1, 42]
[1, 43]
[1, 44]
[1, 45]
[1, 46]
[1, 47]
[1, 48]
[1, 49]
[1, 50]
[1, 51]
[1, 52]
[1, 53]
[1, 54]
[1, 55]
[1, 56]
[1, 57]
[1, 58]
[1, 59]
[1, 60]
[1, 61]
[1, 62]
[1, 63]
[1, 64]
[1, 65]
[1, 66]
[1, 67]
[1, 68]
[1, 69]
[1, 70]
[1, 71]
[1, 72]
[1, 73]
[1, 73]
[1, 72]
[1, 73]
[1, 74]
[1, 75]
[1, 76]
[1, 77]
[1, 78]
[1, 79]
[1, 80]
[1, 81]
[1, 82]
[1, 83]
[1, 84]
[1, 85]
[1, 86]
[1, 87]
[1, 88]
[1, 89]
[1, 90]
[1, 89]
[1, 90]
[1, 91]
[1, 92]
[1, 92]
[1, 93]
[1, 94]
[1, 95]
[1, 96]
[1, 97]
[1, 96]
[1, 97]
[1, 98]
[1, 99]
[1, 100]
[1, 101]
[1, 102]
[1, 103]
[1, 104]
[1, 105]
[1, 106]
[1, 107]
[1, 108]
[1, 109]
[1, 110]
[1, 109]
[1, 110]
[1, 111]
[1, 112]
[1, 113]
[1, 114]
[1, 115]
[1, 114]
[1, 115]
[1, 116]
[1, 117]
[1, 118]
[1, 119]
[1, 120]
[1, 121]
[1, 120]
[1, 121]
[1, 122]
[1, 123]
[1, 124]
[1, 123]
[1, 124]
[1, 125]
[1, 126]
[1, 127]
[1, 128]
[1, 129]
[1, 130]
[1, 131]
[1, 132]
[1, 133]
[1, 134]
[2, 133]
[1, 132]
[1, 133]
[1, 134]
[1, 135]
[1, 136]
[1, 137]
[2, 138]
[1, 139]
[2, 138]
[1, 139]
[1, 140]
[1, 141]
[1, 142]
[2, 141]
[1, 142]
[1, 143]
[1, 144]
[1, 145]
[1, 146]
[1, 147]
[1, 148]
[1, 147]
[1, 148]
[1, 149]
[1, 150]
[1, 151]
[1, 152]
[1, 153]
[1, 154]
[1, 155]
[1, 156]
[1, 157]
[1, 158]
[1, 159]
[1, 160]
[1, 161]
[1, 162]
[1, 163]
[1, 164]
[1, 165]
[1, 166]
[1, 167]
[1, 168]
[1, 169]
[1, 168]
[1, 169]
[1, 170]
[1, 171]
[1, 172]
[1, 173]
[1, 174]
[1, 175]
[1, 176]
[1, 177]
[2, 176]
[1, 177]
[1, 178]
[1, 179]
[1, 180]
[1, 181]
[1, 182]
[1, 183]
[1, 184]
[1, 185]
[1, 186]
[1, 187]
[2, 186]
[1, 187]
[1, 188]
[1, 189]
[1, 190]
[1, 191]
[1, 191]
[1, 192]
[1, 193]
[1, 194]
[1, 195]
[1, 196]
[1, 197]
[1, 198]
[1, 199]
[1, 200]
[1, 201]
[1, 202]
[1, 203]
[1, 204]
[1, 205]
[1, 206]
[1, 207]
[2, 206]
[1, 206]
[1, 207]
[1, 208]
[1, 209]
[1, 210]
[1, 211]
[1, 212]
[1, 213]
[1, 214]
[1, 215]
[1, 216]
[1, 217]
[1, 218]
[1, 219]
[1, 220]
[1, 221]
[1, 222]
[1, 223]
[1, 224]
[1, 223]
[1, 224]
[1, 225]
[1, 226]
[1, 227]
[1, 228]
[1, 229]
[1, 230]
[1, 231]
[1, 232]
[1, 233]
[1, 234]
[1, 235]
[1, 236]
[1, 237]
[1, 238]
[1, 239]
[1, 240]
[1, 241]
[1, 242]
[1, 243]
[1, 244]
[1, 245]
[2, 245]
[3, 245]
[4, 245]
[5, 245]
[6, 245]
[7, 245]
[8, 245]
[9, 245]
[10, 245]
[11, 245]
[12, 245]
[13, 245]
[14, 245]
[15, 245]
[16, 245]
[17, 245]
[18, 245]
[17, 246]
[18, 246]
[19, 246]
[20, 246]
[21, 246]
[22, 246]
[23, 246]
[24, 246]
[25, 246]
[26, 246]
[26, 245]
[27, 245]
[28, 245]
[29, 245]
[30, 245]
[31, 245]
[32, 245]
[33, 245]
[34, 245]
[35, 245]
[36, 245]
[37, 245]
[38, 245]
[39, 245]
[40, 245]
[41, 245]
[42, 245]
[43, 245]
[44, 245]
[45, 245]
[46, 245]
[47, 245]
[48, 245]
[47, 246]
[48, 246]
[49, 247]
[50, 247]
[51, 246]
[52, 246]
[53, 246]
[54, 246]
[54, 245]
[54, 244]
[54, 245]
[55, 245]
[56, 245]
[56, 244]
[56, 245]
[57, 245]
[58, 245]
[59, 245]
[60, 245]
[61, 245]
[62, 245]
[63, 245]
[64, 245]
[65, 245]
[66, 245]
[67, 245]
[68, 245]
[69, 245]
[70, 245]
[71, 245]
[72, 245]
[73, 245]
[74, 245]
[75, 245]
[76, 245]
[77, 245]
[78, 245]
[79, 245]
[80, 245]
[81, 245]
[82, 245]
[83, 244]
[83, 245]
[84, 245]
[85, 245]
[86, 245]
[87, 245]
[88, 245]
[89, 245]
[90, 245]
[91, 245]
[92, 245]
[93, 245]
[94, 245]
[95, 245]
[96, 245]
[97, 245]
[98, 245]
[99, 245]
[100, 245]
[99, 246]
[100, 246]
[101, 246]
[102, 246]
[103, 246]
[104, 246]
[105, 246]
[106, 246]
[107, 246]
[108, 246]
[109, 246]
[108, 245]
[109, 245]
[110, 245]
[111, 245]
[112, 245]
[113, 245]
[114, 245]
[115, 245]
[116, 245]
[117, 245]
[118, 245]
[119, 245]
[120, 245]
[121, 245]
[122, 245]
[123, 245]
[124, 245]
[125, 245]
[126, 245]
[127, 245]
[128, 245]
[129, 245]
[130, 245]
[131, 245]
[132, 245]
[133, 245]
[134, 245]
[135, 245]
[136, 245]
[137, 245]
[138, 245]
[139, 245]
[140, 245]
[141, 245]
[142, 245]
[143, 245]
[144, 245]
[145, 245]
[146, 245]
[147, 245]
[148, 245]
[149, 245]
[150, 245]
[151, 245]
[152, 245]
[153, 245]
[154, 245]
[155, 245]
[156, 245]
[157, 245]
[158, 245]
[159, 245]
[160, 245]
[161, 245]
[162, 245]
[163, 245]
[164, 245]
[165, 245]
[166, 245]
[167, 245]
[168, 245]
[169, 245]
[170, 245]
[171, 245]
[172, 245]
[173, 245]
[174, 245]
[173, 245]
[174, 245]
[175, 245]
[176, 245]
[177, 245]
[178, 245]
[179, 245]
[180, 245]
[181, 245]
[182, 245]
[183, 245]
[182, 244]
[182, 243]
[182, 244]
[182, 245]
[183, 245]
[184, 245]
[185, 245]
[186, 245]
[187, 245]
[188, 245]
[188, 246]
[189, 246]
[190, 246]
[191, 246]
[191, 247]
[192, 247]
[193, 247]
[194, 247]
[195, 247]
[196, 247]
[197, 247]
[198, 247]
[199, 247]
[200, 247]
[201, 247]
[202, 247]
[203, 246]
[204, 246]
[205, 246]
[206, 246]
[207, 247]
[208, 247]
[209, 247]
[209, 246]
[208, 246]
[209, 246]
[208, 246]
[209, 246]
[210, 246]
[209, 246]
[210, 246]
[209, 246]
[210, 246]
[209, 246]
[210, 246]
[209, 246]
[210, 246]
[209, 246]
[210, 246]
[209, 246]
[210, 246]
[209, 246]
[208, 245]
[207, 246]
[208, 246]
[209, 246]
[210, 246]
[209, 246]
[210, 246]
[209, 246]
[210, 246]
[209, 246]
[210, 246]
[209, 246]
[210, 246]
[209, 246]
[210, 246]
[209, 246]
[210, 246]
[209, 246]
[210, 247]
[209, 247]
[210, 246]
[209, 246]
[210, 246]
[209, 246]
[210, 246]
[209, 246]
[210, 246]
[209, 246]
[210, 246]
[209, 246]
[210, 246]
[209, 246]
[209, 247]
[210, 247]
[209, 247]
[210, 247]
[209, 247]
[210, 248]
[209, 248]
[210, 248]
[209, 248]
[210, 248]
[209, 248]
[210, 248]
[209, 248]
[210, 248]
[209, 248]
[210, 248]
[209, 248]
[209, 247]
[210, 247]
[209, 247]
[210, 247]
[209, 247]
[210, 247]
[209, 247]
[210, 247]
[209, 247]
[210, 247]
[209, 247]
[210, 247]
[209, 247]
[210, 247]
[209, 247]
[210, 247]
[209, 247]
[210, 247]
[209, 247]
[210, 247]
[209, 247]
[210, 247]
[209, 247]
[210, 247]
[209, 247]
[210, 247]
[209, 247]
[210, 247]
[209, 247]
[210, 247]
[209, 247]
[210, 247]
[209, 247]
[210, 247]
[209, 247]
[210, 247]
[209, 247]
[210, 247]
[209, 247]
[210, 247]
[209, 247]
[210, 247]
[209, 247]
[210, 247]
[209, 247]
[210, 247]
[209, 247]
[210, 247]
[209, 247]
[210, 247]
[209, 247]
[210, 247]
[209, 247]
[210, 247]
[209, 247]
[210, 247]
[209, 247]
[210, 247]
[209, 247]
[210, 247]
[209, 247]
[210, 247]
[209, 247]
[210, 247]
[209, 247]
[210, 247]
[209, 247]
[208, 248]
[207, 249]
[206, 248]
[205, 249]
[204, 250]
[203, 251]
[203, 252]
[202, 253]
[201, 254]
[200, 255]
[199, 256]
[198, 257]
[197, 257]
[196, 258]
[195, 259]
[194, 260]
[193, 261]
[192, 262]
[191, 262]
[190, 263]
[189, 264]
[188, 265]
[187, 266]
[186, 267]
[187, 268]
[188, 269]
[189, 270]
[190, 271]
[191, 270]
[192, 271]
[193, 272]
[194, 273]
[195, 274]
[196, 275]
[197, 276]
[198, 277]
[199, 278]
[200, 279]
[201, 280]
[200, 281]
[199, 282]
[198, 283]
[199, 284]
[198, 285]
[197, 285]
[196, 285]
[195, 285]
[194, 285]
[193, 285]
[192, 285]
[191, 285]
[190, 285]
[189, 285]
[188, 285]
[187, 285]
[186, 285]
[185, 285]
[186, 286]
[185, 286]
[184, 286]
[183, 286]
[182, 286]
[181, 286]
[180, 286]
[179, 286]
[178, 286]
[177, 286]
[176, 286]
[175, 286]
[174, 286]
[173, 286]
[172, 286]
[171, 286]
[170, 286]
[169, 286]
[168, 286]
[167, 286]
[166, 286]
[165, 286]
[164, 286]
[163, 286]
[162, 286]
[161, 286]
[160, 286]
[159, 286]
[158, 286]
[157, 286]
[156, 286]
[155, 286]
[154, 286]
[153, 286]
[152, 286]
[151, 286]
[150, 286]
[151, 287]
[150, 287]
[149, 287]
[148, 287]
[147, 287]
[146, 287]
[147, 286]
[146, 286]
[145, 286]
[144, 286]
[143, 286]
[142, 286]
[141, 286]
[140, 286]
[139, 286]
[139, 287]
[138, 287]
[137, 287]
[136, 287]
[135, 287]
[134, 287]
[133, 287]
[132, 287]
[131, 287]
[130, 287]
[129, 287]
[128, 287]
[127, 287]
[126, 287]
[125, 286]
[124, 286]
[123, 286]
[122, 286]
[121, 287]
[120, 287]
[119, 287]
[118, 287]
[117, 287]
[116, 287]
[115, 287]
[114, 287]
[113, 287]
[112, 286]
[111, 286]
[110, 286]
[109, 286]
[108, 286]
[109, 286]
[108, 286]
[107, 286]
[106, 286]
[105, 286]
[104, 286]
[103, 286]
[102, 286]
[101, 286]
[100, 286]
[99, 286]
[98, 286]
[97, 286]
[96, 286]
[95, 286]
[94, 286]
[93, 286]
[92, 286]
[91, 286]
[90, 286]
[89, 286]
[88, 286]
[87, 286]
[86, 286]
[85, 286]
[84, 286]
[83, 286]
[82, 286]
[81, 286]
[80, 286]
[79, 286]
[78, 286]
[77, 286]
[76, 286]
[75, 286]
[74, 286]
[73, 286]
[72, 286]
[71, 286]
[70, 286]
[69, 286]
[68, 286]
[67, 286]
[68, 287]
[69, 288]
[70, 289]
[71, 290]
[72, 291]
[73, 292]
[74, 293]
[75, 294]
[75, 293]
[76, 294]
[77, 295]
[78, 296]
[79, 297]
[80, 298]
[81, 299]
[82, 299]
[83, 299]
[84, 299]
[85, 299]
[86, 299]
[85, 299]
[86, 299]
[87, 299]
[88, 299]
[89, 299]
[90, 298]
[91, 299]
[92, 299]
[93, 299]
[94, 299]
[95, 299]
[96, 299]
[97, 299]
[98, 299]
[99, 299]
[100, 299]
[101, 299]
[102, 299]
[103, 299]
[104, 299]
[105, 299]
[106, 299]
[107, 299]
[108, 299]
[109, 299]
[108, 298]
[107, 297]
[106, 296]
[105, 295]
[104, 294]
[103, 293]
[102, 292]
[101, 291]
[100, 290]
[99, 289]
[99, 290]
[98, 289]
[97, 288]
[96, 287]
[95, 286]
[96, 286]
[95, 285]
[96, 285]
[95, 284]
[94, 283]
[93, 282]
[92, 281]
[91, 280]
[90, 279]
[89, 278]
[88, 277]
[87, 276]
[86, 275]
[85, 274]
[84, 273]
[83, 272]
[82, 271]
[81, 270]
[80, 269]
[79, 268]
[78, 269]
[77, 268]
[76, 267]
[75, 266]
[74, 265]
[73, 264]
[72, 263]
[71, 262]
[70, 261]
[69, 260]
[68, 259]
[67, 258]
[66, 257]
[65, 256]
[64, 255]
[63, 254]
[62, 253]
[61, 252]
[60, 251]
[59, 250]
[60, 249]
[59, 248]
[58, 247]
[57, 246]
[56, 246]
[55, 245]
[54, 244]
[53, 244]
[52, 244]
[51, 244]
[50, 244]
[49, 244]
[48, 244]
[47, 245]
[46, 244]
[45, 244]
[44, 244]
[43, 244]
[42, 244]
[41, 244]
[40, 244]
[39, 244]
[38, 244]
[37, 244]
[36, 244]
[35, 244]
[34, 244]
[33, 244]
[32, 244]
[31, 244]
[30, 244]
[29, 244]
[28, 244]
[29, 243]
[28, 243]
[27, 243]
[26, 243]
[27, 243]
[26, 243]
[27, 244]
[26, 244]
[25, 244]
[24, 244]
[23, 244]
[22, 244]
[21, 244]
[20, 244]
[19, 244]
[18, 244]
[19, 243]
[18, 243]
[17, 243]
[16, 244]
[15, 244]
[14, 243]
[13, 242]
[12, 241]
[11, 240]
[10, 239]
[9, 238]
[8, 237]
[9, 236]
[10, 236]
[9, 235]
[8, 234]
[7, 233]
[6, 232]
[5, 231]
[4, 230]
[3, 229]
[2, 228]
[1, 227]
[1, 228]
[1, 227]
[1, 226]
[1, 225]
[1, 224]
[1, 223]
[1, 222]
[1, 221]
[1, 220]
[1, 219]
[1, 218]
[1, 217]
[1, 216]
[1, 215]
[1, 214]
[1, 213]
[1, 212]
[1, 211]
[1, 210]
[1, 209]
[1, 208]
[1, 207]
[1, 206]
[1, 205]
[1, 204]
[1, 203]
[1, 202]
[1, 201]
[1, 200]
[1, 199]
[1, 198]
[1, 197]
[1, 196]
[1, 195]
[1, 194]
[1, 193]
[1, 192]
[1, 191]
[1, 190]
[1, 189]
[1, 188]
[1, 187]
[1, 186]
[1, 186]
[1, 186]
[1, 186]
[1, 186]
[1, 186]
[1, 186]
[1, 186]
[1, 186]
[1, 186]
[1, 186]
[1, 186]
[1, 186]
[1, 186]
[1, 186]
[1, 186]
[1, 186]
[1, 186]
[1, 186]
[1, 186]
[1, 186]
[1, 186]
[1, 186]
[1, 186]
[1, 186]
[1, 186]
[1, 186]
[1, 186]
[1, 186]
[1, 186]
[1, 186]
[1, 187]
[1, 187]
[1, 186]
[1, 186]
[1, 186]
[1, 187]
[1, 187]
[1, 187]
[1, 187]
[1, 187]
[1, 187]
[1, 187]
[1, 187]
[1, 187]
[1, 187]
[1, 187]
[1, 187]
[1, 187]
[1, 187]
[1, 187]
[1, 187]
[1, 187]
[1, 187]
[1, 187]
[1, 187]
[1, 187]
[1, 187]
[1, 188]
[1, 188]
[2, 189]
[1, 189]
[1, 189]
[1, 189]
[1, 189]
[1, 189]
[2, 188]
[1, 189]
[1, 190]
[1, 191]
[1, 192]
[1, 193]
[1, 194]
[1, 195]
[1, 196]
[1, 197]
[1, 198]
[1, 199]
[1, 200]
[1, 201]
[1, 202]
[2, 201]
[1, 202]
[1, 203]
[1, 204]
[2, 205]
[1, 206]
[1, 207]
[1, 208]
[2, 207]
[1, 208]
[1, 209]
[1, 210]
[2, 211]
[1, 212]
[1, 213]
[1, 214]
[1, 215]
[1, 216]
[1, 217]
[1, 218]
[1, 219]
[1, 220]
[1, 221]
[1, 222]
[1, 223]
[1, 224]
[1, 225]
[1, 226]
[1, 227]
[1, 226]
[1, 227]
[1, 228]
[1, 229]
[1, 230]
[1, 231]
[1, 232]
[1, 233]
[1, 234]
[1, 235]
[1, 236]
[1, 237]
[1, 238]
[1, 239]
[1, 240]
[2, 240]
[1, 241]
[1, 242]
[1, 243]
[1, 244]
[1, 245]
[1, 244]
[1, 245]
[1, 244]
[1, 245]
[1, 244]
[1, 245]
[1, 244]
[1, 245]
[1, 244]
[1, 245]
[1, 244]
[1, 245]
[1, 244]
[1, 245]
[1, 244]
[1, 245]
[1, 244]
[1, 245]
[1, 244]
[1, 245]
[1, 244]
[2, 245]
[1, 244]
[1, 245]
[1, 244]
[1, 245]
[1, 244]
[1, 245]
[1, 244]
[1, 245]
[1, 244]
[1, 245]
[1, 244]
[1, 245]
[1, 244]
[1, 245]
[1, 244]
[1, 245]
[2, 246]
[1, 245]
[1, 244]
[2, 243]
[2, 244]
[1, 245]
[1, 245]
[1, 244]
[1, 245]
[1, 244]
[1, 245]
[1, 244]
[1, 245]
[1, 244]
[2, 245]
[3, 244]
[2, 245]
[1, 244]
[1, 243]
[1, 242]
[1, 241]
[1, 240]
[1, 239]
[1, 238]
[2, 237]
[2, 236]
[2, 235]
[2, 234]
[3, 235]
[3, 234]
[3, 233]
[3, 232]
[3, 231]
[3, 230]
[4, 229]
[4, 228]
[4, 227]
[4, 226]
[4, 225]
[4, 224]
[4, 223]
[4, 222]
[5, 222]
[5, 221]
[4, 221]
[4, 220]
[4, 219]
[4, 218]
[4, 217]
[4, 216]
[5, 217]
[5, 216]
[5, 215]
[5, 214]
[5, 213]
[5, 212]
[5, 211]
[5, 210]
[5, 209]
[5, 208]
[5, 207]
[5, 206]
[5, 205]
[5, 204]
[5, 203]
[5, 202]
[5, 201]
[5, 200]
[6, 200]
[7, 200]
[7, 199]
[7, 198]
[7, 197]
[7, 196]
[7, 195]
[7, 194]
[7, 193]
[6, 193]
[6, 192]
[6, 191]
[6, 192]
[7, 191]
[7, 190]
[7, 189]
[7, 188]
[7, 187]
[7, 186]
[8, 186]
[8, 185]
[8, 184]
[8, 183]
[8, 182]
[8, 181]
[7, 182]
[7, 181]
[7, 180]
[7, 179]
[7, 178]
[7, 177]
[7, 176]
[6, 177]
[6, 176]
[6, 175]
[6, 174]
[6, 173]
[6, 172]
[6, 171]
[5, 170]
[5, 169]
[5, 168]
[5, 167]
[5, 166]
[5, 165]
[5, 164]
[5, 163]
[5, 162]
[5, 161]
[5, 160]
[5, 159]
[5, 158]
[5, 157]
[5, 156]
[5, 155]
[5, 154]
[5, 155]
[6, 156]
[6, 155]
[6, 156]
[6, 155]
[6, 154]
[6, 153]
[6, 152]
[6, 151]
[6, 150]
[6, 149]
[6, 148]
[6, 147]
[5, 148]
[4, 149]
[3, 150]
[2, 151]
[1, 152]
[1, 153]
[1, 154]
[1, 155]
[1, 156]
[1, 157]
[1, 158]
[1, 159]
[1, 160]
[1, 161]
[1, 162]
[1, 163]
[1, 164]
[1, 165]
[1, 166]
[1, 167]
[1, 168]
[1, 169]
[1, 170]
[1, 171]
[2, 170]
[1, 171]
[1, 172]
[1, 173]
[2, 174]
[2, 173]
[1, 174]
[1, 175]
[1, 176]
[1, 177]
[1, 178]
[1, 177]
[1, 178]
[1, 179]
[1, 180]
[1, 181]
[1, 180]
[1, 179]
[1, 178]
[1, 177]
[1, 176]
[1, 175]
[1, 174]
[1, 173]
[1, 172]
[1, 171]
[1, 170]
[1, 169]
[1, 168]
[1, 167]
[1, 166]
[1, 165]
[1, 164]
[1, 163]
[1, 162]
[1, 161]
[1, 160]
[1, 159]
[1, 158]
[1, 157]
[1, 156]
[1, 155]
[1, 154]
[1, 153]
[1, 152]
[1, 151]
[1, 150]
[1, 149]
[1, 148]
[1, 147]
[1, 146]
[1, 145]
[1, 144]
[1, 143]
[2, 142]
[2, 141]
[2, 140]
[2, 139]
[2, 138]
[2, 137]
[2, 136]
[2, 135]
[2, 134]
[2, 133]
[2, 132]
[2, 131]
[2, 130]
[1, 129]
[1, 128]
[1, 127]
[1, 126]
[1, 125]
[1, 124]
[1, 123]
[1, 122]
[1, 121]
[1, 120]
[1, 119]
[1, 118]
[1, 117]
[1, 116]
[1, 115]
[1, 114]
[1, 113]
[1, 112]
[1, 111]
[1, 110]
[1, 110]
[2, 111]
[1, 111]
[1, 111]
[1, 111]
[1, 112]
[1, 112]
[1, 112]
[1, 112]
[1, 112]
[1, 112]
[1, 112]
[1, 112]
[1, 112]
[1, 112]
[1, 112]
[1, 112]
[1, 112]
[1, 112]
[1, 112]
[1, 112]
[1, 111]
[1, 111]
[1, 111]
[1, 111]
[1, 111]
[1, 111]
[2, 110]
[2, 109]
[1, 109]
[1, 109]
[1, 109]
[1, 109]
[1, 109]
[1, 108]
[1, 107]
[1, 106]
[1, 105]
[1, 104]
[1, 103]
[1, 102]
[1, 101]
[1, 100]
[1, 99]
[1, 98]
[1, 97]
[1, 96]
[1, 95]
[1, 94]
[1, 93]
[1, 92]
[1, 91]
[2, 91]
[2, 90]
[2, 89]
[2, 88]
[2, 87]
[2, 86]
[2, 85]
[2, 84]
[2, 83]
[2, 82]
[2, 81]
[1, 82]
[1, 81]
[1, 80]
[1, 79]
[1, 78]
[1, 77]
[1, 76]
[1, 75]
[1, 74]
[1, 73]
[1, 72]
[2, 72]
[3, 72]
[4, 72]
[5, 72]
[6, 72]
[7, 72]
[7, 73]
[8, 73]
[7, 72]
[8, 72]
[9, 72]
[10, 72]
[11, 72]
[11, 71]
[12, 71]
[13, 71]
[14, 71]
[15, 71]
[16, 71]
[16, 70]
[17, 70]
[16, 70]
[17, 70]
[18, 70]
[19, 70]
[20, 70]
[21, 70]
[22, 70]
[23, 70]
[24, 70]
[25, 70]
[26, 70]
[27, 70]
[28, 70]
[29, 70]
[30, 70]
[31, 70]
[32, 70]
[33, 70]
[34, 70]
[35, 70]
[36, 70]
[37, 70]
[36, 70]
[37, 70]
[38, 70]
[39, 70]
[40, 70]
[41, 70]
[42, 70]
[43, 70]
[44, 70]
[45, 70]
[46, 70]
[47, 70]
[48, 70]
[49, 70]
[50, 70]
[51, 70]
[52, 70]
[53, 70]
[54, 70]
[55, 70]
[54, 69]
[54, 70]
[55, 70]
[56, 70]
[57, 70]
[58, 70]
[57, 71]
[58, 71]
[59, 71]
[60, 71]
[60, 70]
[61, 70]
[62, 70]
[63, 70]
[64, 70]
[65, 70]
[66, 70]
[67, 70]
[68, 70]
[69, 70]
[70, 70]
[71, 70]
[72, 70]
[73, 69]
[74, 69]
[75, 69]
[76, 69]
[77, 69]
[78, 69]
[79, 69]
[80, 69]
[81, 69]
[82, 69]
[83, 69]
[84, 69]
[85, 70]
[86, 70]
[87, 70]
[88, 70]
[89, 70]
[90, 70]
[91, 70]
[92, 70]
[93, 70]
[94, 70]
[95, 70]
[96, 70]
[97, 70]
[98, 71]
[99, 71]
[100, 71]
[100, 70]
[101, 70]
[102, 70]
[103, 70]
[104, 70]
[105, 70]
[106, 70]
[107, 70]
[108, 70]
[109, 70]
[110, 70]
[111, 70]
[112, 70]
[113, 70]
[114, 70]
[115, 70]
[116, 70]
[115, 71]
[116, 71]
[117, 71]
[118, 71]
[119, 71]
[120, 71]
[121, 71]
[122, 71]
[123, 71]
[124, 71]
[125, 71]
[126, 71]
[127, 71]
[126, 71]
[127, 71]
[128, 71]
[129, 71]
[130, 71]
[131, 71]
[132, 71]
[133, 71]
[134, 71]
[135, 71]
[136, 71]
[137, 71]
[138, 71]
[139, 71]
[140, 71]
[141, 71]
[140, 72]
[139, 73]
[138, 74]
[137, 75]
[136, 76]
[135, 77]
[134, 78]
[133, 79]
[132, 80]
[131, 81]
[130, 82]
[129, 83]
[128, 84]
[127, 85]
[126, 86]
[125, 87]
[124, 88]
[123, 89]
[124, 90]
[123, 90]
[122, 91]
[121, 92]
[120, 93]
[119, 94]
[118, 95]
[117, 96]
[116, 95]
[115, 94]
[114, 93]
[113, 92]
[112, 91]
[111, 90]
[110, 89]
[109, 88]
[108, 87]
[107, 86]
[106, 85]
[105, 84]
[104, 83]
[103, 82]
[102, 81]
[101, 80]
[100, 79]
[100, 80]
[99, 79]
[98, 78]
[97, 77]
[96, 76]
[95, 75]
[94, 74]
[93, 73]
[92, 72]
[91, 71]
[90, 70]
[89, 69]
[88, 68]
[87, 67]
[86, 66]
[85, 65]
[84, 64]
[84, 63]
[83, 62]
[82, 61]
[81, 60]
[80, 59]
[79, 58]
[78, 57]
[77, 56]
[76, 55]
[75, 54]
[74, 53]
[73, 52]
[72, 51]
[71, 50]
[70, 49]
[69, 48]
[68, 47]
[67, 46]
[66, 45]
[65, 44]
[64, 43]
[63, 42]
[62, 41]
[61, 40]
[60, 39]
[59, 38]
[58, 37]
[57, 36]
[56, 35]
[55, 34]
[54, 34]
[53, 34]
[52, 34]
[51, 34]
[50, 34]
[49, 34]
[48, 34]
[47, 34]
[46, 34]
[45, 34]
[44, 34]
[43, 34]
[42, 34]
[41, 34]
[40, 34]
[39, 34]
[38, 34]
[37, 34]
[36, 34]
[35, 34]
[34, 34]
[33, 34]
[32, 34]
[31, 34]
[30, 34]
[29, 34]
[28, 34]
[27, 34]
[26, 34]
[25, 34]
[24, 34]
[23, 34]
[22, 34]
[21, 34]
[20, 34]
[19, 34]
[18, 34]
[17, 34]
[16, 34]
[15, 34]
[14, 33]
[13, 33]
[12, 33]
[11, 33]
[10, 33]
[9, 33]
[8, 33]
[7, 33]
[6, 33]
[5, 33]
[4, 33]
[3, 32]
[2, 32]
[1, 32]
[1, 32]
[1, 32]
[2, 31]
[1, 31]
[1, 31]
[1, 31]
[2, 32]
[1, 32]
[1, 32]
[1, 32]
[1, 32]
[1, 32]
[1, 32]
[1, 32]
[1, 32]
[1, 32]
[1, 32]
[1, 32]
[1, 32]
[1, 32]
[1, 32]
[1, 33]
[1, 33]
[1, 33]
[1, 33]
[1, 33]
[1, 33]
[1, 33]
[1, 33]
[1, 33]
[1, 33]
[1, 34]
[1, 35]
[1, 36]
[1, 37]
[1, 38]
[1, 39]
[1, 40]
[1, 41]
[1, 42]
[1, 43]
[1, 44]
[1, 45]
[1, 46]
[1, 47]
[1, 48]
[1, 49]
[1, 50]
[1, 51]
[1, 52]
[1, 53]
[1, 54]
[1, 55]
[1, 56]
[1, 57]
[1, 58]
[1, 59]
[1, 60]
[1, 61]
[1, 62]
[1, 63]
[1, 64]
[1, 65]
[1, 66]
[1, 67]
[1, 67]
[1, 68]
[1, 69]
[1, 70]
[1, 71]
[1, 72]
[1, 73]
[1, 74]
[1, 75]
[1, 76]
[1, 77]
[1, 78]
[1, 79]
[1, 80]
[1, 81]
[1, 82]
[1, 83]
[1, 84]
[1, 85]
[1, 86]
[1, 87]
[1, 88]
[1, 89]
[2, 89]
[1, 90]
[1, 91]
[1, 92]
[1, 93]
[1, 94]
[1, 95]
[1, 96]
[1, 97]
[1, 98]
[1, 99]
[1, 100]
[1, 101]
[2, 101]
[3, 101]
[4, 101]
[3, 100]
[4, 100]
[5, 100]
[6, 100]
[5, 100]
[6, 100]
[7, 100]
[8, 100]
[7, 101]
[8, 101]
[9, 101]
[10, 101]
[11, 101]
[12, 101]
[13, 101]
[14, 101]
[15, 102]
[16, 102]
[17, 102]
[18, 102]
[19, 102]
[20, 102]
[21, 102]
[22, 102]
[23, 102]
[24, 102]
[25, 102]
[24, 103]
[25, 103]
[26, 103]
[27, 103]
[28, 103]
[29, 103]
[30, 103]
[31, 103]
[32, 103]
[33, 103]
[34, 103]
[33, 102]
[34, 102]
[35, 102]
[36, 102]
[37, 102]
[38, 102]
[39, 102]
[40, 102]
[41, 102]
[42, 102]
[43, 102]
[44, 102]
[45, 102]
[46, 102]
[47, 102]
[48, 102]
[49, 102]
[50, 102]
[51, 102]
[52, 102]
[53, 102]
[54, 102]
[55, 102]
[56, 102]
[57, 102]
[58, 102]
[59, 102]
[60, 102]
[61, 102]
[62, 102]
[63, 102]
[64, 102]
[65, 102]
[66, 102]
[67, 103]
[68, 103]
[69, 103]
[70, 103]
[71, 103]
[72, 103]
[73, 103]
[74, 103]
[74, 102]
[75, 102]
[76, 102]
[77, 102]
[78, 102]
[79, 102]
[80, 102]
[81, 102]
[82, 102]
[83, 102]
[84, 102]
[85, 102]
[86, 102]
[87, 102]
[88, 102]
[89, 102]
[90, 102]
[91, 102]
[92, 102]
[93, 102]
[94, 102]
[95, 102]
[96, 102]
[97, 102]
[98, 102]
[99, 102]
[100, 102]
[101, 102]
[101, 101]
[102, 101]
[103, 101]
[104, 101]
[105, 101]
[106, 101]
[107, 101]
[108, 101]
[109, 101]
[109, 102]
[110, 102]
[111, 102]
[112, 102]
[113, 102]
[114, 102]
[115, 102]
[116, 102]
[115, 103]
[116, 102]
[115, 103]
[116, 103]
[117, 103]
[118, 104]
[119, 104]
[120, 104]
[121, 104]
[122, 104]
[123, 104]
[124, 104]
[125, 104]
[126, 104]
[127, 104]
[128, 104]
[129, 104]
[130, 104]
[131, 104]
[132, 104]
[133, 104]
[134, 104]
[135, 104]
[136, 104]
[137, 104]
[138, 104]
[139, 104]
[139, 103]
[140, 102]
[141, 102]
[142, 102]
[143, 102]
[144, 102]
[145, 102]
[146, 102]
[147, 102]
[148, 102]
[149, 102]
[150, 102]
[151, 102]
[152, 102]
[153, 101]
[154, 101]
[155, 101]
[156, 101]
[157, 101]
[158, 101]
[159, 101]
[160, 101]
[161, 101]
[161, 102]
[162, 102]
[163, 101]
[163, 102]
[164, 102]
[165, 102]
[166, 102]
[167, 102]
[168, 102]
[169, 102]
[170, 102]
[171, 102]
[172, 102]
[173, 102]
[174, 102]
[175, 102]
[176, 102]
[177, 102]
[178, 102]
[177, 102]
[178, 102]
[179, 102]
[180, 102]
[181, 102]
[182, 102]
[183, 102]
[184, 102]
[185, 102]
[186, 103]
[187, 103]
[188, 103]
[189, 103]
[190, 103]
[191, 103]
[192, 103]
[193, 103]
[194, 103]
[195, 103]
[196, 103]
[197, 103]
[198, 103]
[199, 103]
[200, 103]
[201, 103]
[202, 103]
[203, 103]
[204, 103]
[205, 103]
[206, 103]
[207, 103]
[208, 103]
[209, 103]
[210, 103]
[209, 104]
[210, 104]
[209, 105]
[210, 105]
[209, 106]
[210, 106]
[209, 107]
[210, 107]
[209, 108]
[210, 108]
[209, 109]
[210, 108]
[209, 109]
[210, 110]
[209, 111]
[210, 111]
[209, 112]
[210, 112]
[209, 113]
[210, 113]
[209, 114]
[210, 114]
[209, 115]
[210, 115]
[209, 116]
[210, 116]
[209, 117]
[210, 117]
[211, 117]
[210, 118]
[209, 119]
[210, 119]
[209, 120]
[210, 119]
[209, 120]
[210, 120]
[209, 121]
[210, 121]
[209, 122]
[210, 123]
[209, 124]
[210, 124]
[209, 125]
[210, 125]
[209, 126]
[210, 126]
[209, 127]
[209, 128]
[210, 128]
[209, 129]
[210, 129]
[209, 130]
[210, 130]
[209, 131]
[210, 131]
[209, 132]
[210, 132]
[209, 133]
[210, 133]
[209, 134]
[210, 134]
[209, 135]
[210, 135]
[209, 136]
[209, 137]
[209, 138]
[209, 139]
[209, 140]
[209, 141]
[209, 142]
[209, 143]
[209, 144]
[209, 145]
[209, 146]
[209, 147]
[209, 148]
[209, 149]
[209, 150]
[209, 151]
[209, 152]
[209, 153]
[209, 154]
[209, 155]
[209, 156]
[209, 157]
[209, 158]
[209, 159]
[208, 159]
[208, 160]
[208, 161]
[208, 162]
[208, 163]
[208, 164]
[208, 165]
[208, 166]
[208, 167]
[208, 168]
[208, 169]
[208, 170]
[208, 171]
[208, 172]
[208, 173]
[208, 174]
[208, 175]
[207, 174]
[206, 173]
[205, 172]
[204, 171]
[203, 170]
[202, 169]
[201, 168]
[200, 167]
[199, 166]
[198, 165]
[197, 164]
[196, 163]
[195, 162]
[194, 161]
[193, 160]
[192, 159]
[191, 158]
[190, 157]
[189, 156]
[188, 155]
[187, 154]
[186, 153]
[185, 152]
[184, 151]
[183, 150]
[182, 149]
[181, 148]
[180, 147]
[179, 146]
[178, 145]
[177, 144]
[176, 143]
[175, 142]
[174, 141]
[173, 140]
[174, 141]
[173, 140]
[172, 139]
[171, 138]
[170, 137]
[169, 136]
[168, 135]
[167, 134]
[166, 133]
[165, 132]
[164, 131]
[163, 130]
[162, 129]
[161, 128]
[160, 127]
[160, 128]
[159, 127]
[158, 126]
[157, 125]
[156, 126]
[155, 125]
[154, 124]
[153, 123]
[152, 122]
[151, 121]
[150, 120]
[149, 119]
[148, 118]
[149, 117]
[148, 116]
[147, 115]
[146, 114]
[145, 113]
[144, 112]
[143, 111]
[142, 110]
[141, 109]
[140, 108]
[139, 109]
[138, 108]
[137, 108]
[136, 108]
[135, 108]
[134, 108]
[133, 108]
[132, 108]
[131, 108]
[130, 108]
[129, 108]
[128, 108]
[127, 108]
[126, 108]
[125, 108]
[124, 108]
[123, 108]
[122, 108]
[121, 108]
[120, 108]
[119, 108]
[118, 108]
[117, 108]
[116, 108]
[115, 108]
[114, 108]
[114, 107]
[113, 107]
[112, 107]
[111, 107]
[110, 107]
[109, 107]
[108, 107]
[107, 107]
[106, 107]
[105, 107]
[104, 107]
[103, 107]
[102, 107]
[101, 107]
[100, 107]
[99, 107]
[98, 107]
[97, 107]
[96, 107]
[95, 107]
[94, 107]
[93, 107]
[92, 107]
[91, 107]
[91, 108]
[90, 108]
[89, 108]
[88, 108]
[87, 108]
[86, 108]
[85, 108]
[84, 108]
[83, 108]
[82, 108]
[81, 108]
[80, 108]
[79, 108]
[78, 108]
[77, 108]
[76, 108]
[75, 108]
[74, 108]
[73, 108]
[72, 108]
[73, 108]
[72, 108]
[71, 108]
[70, 108]
[69, 108]
[68, 108]
[67, 108]
[66, 108]
[65, 108]
[64, 108]
[63, 108]
[62, 108]
[61, 108]
[60, 108]
[59, 108]
[58, 108]
[57, 108]
[56, 109]
[55, 110]
[54, 109]
[55, 109]
[54, 110]
[53, 111]
[52, 112]
[51, 113]
[51, 112]
[50, 113]
[49, 114]
[48, 115]
[47, 116]
[46, 117]
[45, 118]
[44, 119]
[43, 120]
[42, 121]
[41, 122]
[40, 123]
[39, 124]
[38, 125]
[37, 126]
[36, 127]
[35, 128]
[34, 129]
[33, 130]
[32, 131]
[31, 132]
[30, 133]
[30, 134]
[30, 135]
[30, 136]
[30, 137]
[30, 138]
[30, 139]
[30, 140]
[30, 141]
[30, 142]
[30, 143]
[30, 144]
[30, 145]
[30, 146]
[30, 147]
[30, 148]
[31, 149]
[30, 148]
[30, 149]
[30, 150]
[30, 151]
[30, 152]
[30, 153]
[30, 154]
[30, 155]
[30, 156]
[30, 157]
[30, 158]
[31, 159]
[31, 160]
[31, 161]
[31, 162]
[31, 163]
[31, 164]
[31, 165]
[32, 164]
[32, 165]
[32, 166]
[32, 167]
[32, 168]
[32, 169]
[32, 170]
[32, 171]
[32, 172]
[32, 173]
[32, 174]
[32, 175]
[32, 176]
[32, 177]
[32, 178]
[32, 179]
[32, 180]
[32, 181]
[32, 182]
[32, 183]
[32, 184]
[32, 185]
[32, 186]
[33, 187]
[33, 188]
[33, 189]
[33, 190]
[32, 191]
[32, 192]
[32, 193]
[32, 194]
[32, 195]
[32, 196]
[32, 197]
[32, 198]
[32, 199]
[32, 200]
[32, 201]
[32, 202]
[32, 203]
[32, 204]
[32, 205]
[32, 206]
[32, 207]
[32, 208]
[32, 209]
[32, 210]
[32, 211]
[32, 212]
[32, 213]
[32, 214]
[32, 215]
[32, 216]
[32, 217]
[32, 218]
[32, 219]
[32, 220]
[32, 221]
[32, 222]
[32, 223]
[32, 224]
[32, 225]
[33, 225]
[33, 226]
[33, 227]
[33, 228]
[33, 229]
[33, 230]
[33, 231]
[33, 232]
[33, 233]
[33, 234]
[32, 234]
[32, 235]
[32, 236]
[32, 237]
[32, 238]
[32, 239]
[32, 240]
[32, 241]
[32, 242]
[32, 243]
[32, 244]
[32, 245]
[31, 246]
[30, 246]
[29, 246]
[28, 246]
[29, 247]
[28, 248]
[27, 248]
[26, 248]
[25, 248]
[24, 247]
[23, 247]
[22, 247]
[21, 247]
[20, 247]
[19, 247]
[18, 247]
[17, 247]
[16, 247]
[15, 247]
[14, 247]
[13, 247]
[12, 247]
[11, 247]
[10, 247]
[9, 247]
[8, 247]
[7, 247]
[6, 247]
[5, 247]
[5, 248]
[4, 248]
[3, 248]
[2, 248]
[1, 248]
[1, 249]
[1, 249]
[1, 249]
[1, 249]
[1, 249]
[1, 249]
[1, 249]
[1, 249]
[1, 249]
[1, 250]
[1, 250]
[1, 250]
[1, 250]
[1, 250]
[1, 250]
[1, 250]
[1, 250]
[1, 250]
[1, 250]
[1, 250]
[1, 250]
[1, 250]
[1, 250]
[1, 250]
[1, 250]
[1, 250]
[1, 250]
[1, 250]
[1, 250]
[1, 250]
[1, 250]
[1, 250]
[1, 250]
[1, 250]
[1, 250]
[1, 250]
[1, 250]
[1, 250]
[1, 249]
[1, 248]
[1, 247]
[1, 246]
[1, 245]
[2, 245]
[1, 244]
[1, 245]
[1, 244]
[1, 245]
[1, 244]
[1, 245]
[1, 244]
[1, 244]
[1, 245]
[1, 244]
[1, 245]
[1, 244]
[1, 245]
[1, 244]
[1, 245]
[1, 244]
[1, 245]
[1, 244]
[2, 243]
[2, 244]
[1, 244]
[1, 245]
[1, 244]
[1, 245]
[1, 244]
[2, 243]
[2, 244]
[2, 245]
[1, 244]
[1, 245]
[1, 244]
[1, 245]
[1, 244]
[1, 245]
[1, 244]
[2, 243]
[2, 244]
[2, 245]
[1, 244]
[1, 245]
[1, 244]
[1, 245]
[1, 244]
[1, 245]
[1, 244]
[1, 245]
[1, 244]
[1, 245]
[1, 245]
[1, 246]
[1, 245]
[1, 244]
[2, 245]
[1, 244]
[1, 243]
[1, 242]
[2, 243]
[1, 242]
[1, 241]
[1, 240]
[1, 239]
[1, 238]
[1, 237]
[1, 236]
[1, 235]
[1, 234]
[1, 233]
[1, 232]
[1, 231]
[1, 230]
[1, 229]
[1, 228]
[1, 227]
[1, 226]
[1, 225]
[1, 224]
[1, 223]
[1, 222]
[1, 221]
[1, 220]
[1, 219]
[1, 218]
[1, 217]
[1, 216]
[1, 215]
[1, 216]
[1, 215]
[1, 214]
[1, 213]
[1, 212]
[1, 211]
[1, 210]
[1, 209]
[1, 208]
[1, 209]
[1, 209]
[1, 209]
[1, 209]
[2, 210]
[1, 210]
[1, 210]
[1, 209]
[1, 209]
[1, 209]
[1, 209]
[1, 209]
[1, 209]
[1, 209]
[1, 209]
[1, 209]
[1, 208]
[1, 208]
[1, 208]
[1, 207]
[1, 207]
[1, 207]
[1, 207]
[2, 206]
[2, 207]
[1, 207]
[1, 207]
[1, 207]
[1, 207]
[1, 207]
[1, 207]
[1, 207]
[1, 207]
[1, 207]
[1, 207]
[1, 207]
[1, 207]
[2, 208]
[1, 208]
[1, 208]
[1, 208]
[1, 208]
[1, 208]
[1, 208]
[1, 208]
[1, 208]
[1, 208]
[1, 208]
[1, 208]
[1, 208]
[1, 208]
[1, 208]
[1, 208]
[1, 208]
[1, 208]
[1, 208]
[1, 208]
[1, 208]
[1, 208]
[1, 208]
[1, 208]
[1, 208]
[1, 208]
[1, 208]
[1, 208]
[1, 208]
[1, 208]
[1, 208]
[1, 208]
[1, 208]
[1, 207]
[1, 207]
[1, 207]
[1, 207]
[1, 207]
[1, 207]
[1, 207]
[1, 207]
[1, 207]
[1, 207]
[1, 207]
[1, 207]
[1, 207]
[1, 207]
[1, 207]
[1, 207]
[1, 207]
[2, 208]
[1, 208]
[2, 207]
[1, 207]
[1, 208]
[1, 208]
[1, 208]
[1, 208]
[1, 208]
[1, 208]
[1, 208]
[1, 208]
[1, 207]
[1, 207]
[1, 207]
[1, 207]
[1, 207]
[1, 208]
[1, 208]
[1, 208]
[1, 208]
[1, 208]
[1, 208]
[1, 208]
[1, 208]
[1, 208]
[1, 208]
[1, 208]
[1, 208]
[1, 208]
[1, 208]
[1, 208]
[1, 208]
[1, 208]
[1, 208]
[1, 208]
[1, 208]
[1, 208]
[1, 208]
[1, 208]
[1, 208]
[1, 207]
[1, 207]
[1, 207]
[1, 207]
[1, 207]
[1, 207]
[1, 207]
[1, 207]
[2, 207]
[1, 207]
[1, 207]
[1, 207]
[1, 207]
[1, 206]
[1, 206]
[1, 206]
[1, 206]
[1, 206]
[1, 206]
[1, 206]
[2, 205]
[1, 205]
[1, 205]
[1, 205]
[1, 205]
[1, 205]
[1, 205]
[1, 205]
[2, 205]
[1, 205]
[1, 205]
[2, 204]
[1, 204]
[1, 204]
[1, 204]
[1, 204]
[1, 204]
[1, 204]
[1, 204]
[1, 204]
[1, 204]
[1, 204]
[1, 204]
[1, 204]
[1, 204]
[1, 204]
[1, 204]
[1, 205]
[1, 206]
[1, 206]
[1, 207]
[1, 208]
[1, 209]
[1, 210]
[1, 211]
[1, 212]
[1, 213]
[1, 214]
[1, 215]
[1, 216]
[1, 217]
[1, 218]
[1, 219]
[1, 220]
[1, 221]
[1, 222]
[1, 223]
[1, 224]
[1, 225]
[1, 226]
[1, 227]
[1, 228]
[1, 229]
[1, 230]
[1, 231]
[1, 232]
[1, 233]
[1, 234]
[1, 235]
[1, 236]
[1, 237]
[1, 238]
[1, 239]
[2, 240]
[2, 241]
[2, 242]
[2, 243]
[2, 244]
[2, 245]
[1, 244]
[2, 244]
[2, 245]
[1, 244]
[1, 245]
[1, 244]
[1, 245]
[1, 244]
[1, 245]
[1, 244]
[1, 245]
[1, 244]
[1, 245]
[1, 244]
[1, 245]
[1, 244]
[1, 245]
[1, 244]
[1, 245]
[1, 244]
[1, 245]
[1, 244]
[1, 245]
[1, 244]
[1, 245]
[1, 244]
[1, 245]
[1, 244]
[1, 245]
[1, 244]
[1, 245]
[1, 244]
[1, 245]
[1, 244]
[1, 245]
[1, 244]
[1, 245]
[1, 244]
[1, 245]
[1, 244]
[2, 245]
[1, 244]
[1, 245]
[1, 244]
[1, 245]
[1, 244]
[1, 245]
[1, 244]
[1, 245]
[1, 244]
[1, 245]
[1, 244]
[1, 245]
[1, 244]
[1, 245]
[1, 244]
[1, 245]
[1, 244]
[1, 245]
[1, 244]
[1, 245]
[1, 244]
[1, 245]
[1, 244]
[1, 245]
[1, 244]
[1, 245]
[1, 244]
[1, 245]
[1, 244]
[1, 245]
[1, 244]
[1, 245]
[1, 244]
[1, 245]
[2, 245]
[1, 244]
[1, 245]
[1, 244]
[1, 245]
[1, 244]
[1, 245]
[1, 244]
[1, 245]
[1, 244]
[1, 245]
[1, 244]
[1, 245]
[1, 244]
[1, 245]
[1, 244]
[1, 245]
[1, 244]
[1, 245]
[1, 244]
[1, 245]
[1, 244]
[1, 245]
[1, 244]
[1, 245]
[1, 244]
[1, 245]
[1, 244]
[1, 245]
[1, 244]
[1, 245]
[1, 244]
[1, 245]
[1, 244]
[1, 245]
[1, 244]
[1, 243]
[1, 244]
[1, 245]
[1, 244]
[1, 245]
[1, 244]
[1, 245]
[1, 244]
[1, 245]
[2, 245]
[1, 244]
[1, 245]
[1, 244]
[1, 245]
[1, 244]
[1, 245]
[1, 244]
[1, 243]
[1, 242]
[1, 243]
[1, 244]
[1, 243]
[1, 244]
[1, 245]
[1, 244]
[1, 245]
[1, 246]
[1, 245]
[1, 244]
[1, 245]
[1, 244]
[1, 245]
[1, 244]
[1, 245]
[1, 244]
[1, 245]
[1, 244]
[1, 245]
[1, 244]
[1, 245]
[1, 244]
[1, 245]
[1, 244]
[1, 245]
[1, 244]
[1, 245]
[1, 244]
[1, 245]
[1, 244]
[1, 244]
[1, 245]
[1, 246]
[1, 245]
[2, 245]
[1, 244]
[1, 245]
[1, 244]
[1, 245]
[1, 244]
[1, 245]
[1, 244]
[1, 245]
[1, 244]
[1, 245]
[1, 244]
[1, 245]
[1, 244]
[1, 245]
[1, 244]
[2, 245]
[1, 244]
[1, 245]
[1, 244]
[2, 245]
[1, 244]
[2, 243]
[2, 244]
[2, 245]
[1, 244]
[1, 245]
[2, 246]
[1, 245]
[1, 244]
[1, 245]
[1, 244]
[1, 245]
[1, 244]
[1, 245]
[1, 244]
[1, 245]
[1, 244]
[1, 245]
[1, 244]
[1, 245]
[1, 244]
[1, 245]
[1, 244]
[1, 245]
[1, 244]
[1, 245]
[1, 244]
[1, 245]
[1, 244]
[1, 245]
[1, 244]
[1, 245]
[2, 246]
[1, 245]
[1, 244]
[1, 245]
[1, 244]
[1, 245]
[1, 244]
[1, 245]
[1, 244]
[1, 245]
[1, 244]
[1, 245]
[1, 244]
[1, 245]
[1, 244]
[1, 245]
[1, 244]
[1, 245]
[1, 244]
[1, 245]
[1, 244]
[1, 245]
[1, 244]
[1, 245]
[1, 244]
[1, 245]
[1, 246]
[1, 245]
[1, 244]
[2, 244]
[3, 244]
[4, 244]
[5, 244]
[6, 244]
[7, 244]
[8, 244]
[8, 245]
[7, 244]
[8, 244]
[9, 244]
[10, 244]
[11, 244]
[12, 244]
[13, 244]
[14, 244]
[15, 244]
[16, 244]
[17, 244]
[18, 244]
[19, 244]
[20, 244]
[21, 244]
[22, 244]
[23, 244]
[24, 244]
[23, 245]
[22, 244]
[23, 244]
[24, 244]
[25, 244]
[26, 244]
[27, 244]
[28, 244]
[29, 244]
[30, 244]
[31, 244]
[32, 244]
[33, 244]
[34, 244]
[35, 244]
[36, 244]
[37, 244]
[38, 244]
[39, 244]
[40, 244]
[41, 244]
[42, 244]
[43, 244]
[44, 244]
[45, 244]
[46, 244]
[47, 244]
[48, 244]
[49, 244]
[50, 244]
[51, 244]
[52, 244]
[53, 244]
[54, 244]
[55, 244]
[56, 244]
[57, 244]
[58, 244]
[59, 244]
[60, 244]
[61, 244]
[62, 244]
[63, 244]
[64, 244]
[65, 244]
[64, 245]
[63, 245]
[62, 245]
[61, 245]
[60, 245]
[59, 245]
[58, 245]
[58, 246]
[57, 246]
[56, 246]
[55, 246]
[54, 246]
[53, 246]
[53, 247]
[52, 247]
[51, 247]
[50, 247]
[49, 247]
[48, 247]
[47, 247]
[46, 247]
[45, 247]
[44, 247]
[43, 247]
[42, 247]
[41, 247]
[40, 247]
[39, 247]
[38, 247]
[37, 247]
[36, 247]
[35, 247]
[34, 247]
[33, 247]
[32, 247]
[31, 247]
[30, 247]
[29, 247]
[28, 247]
[29, 247]
[28, 247]
[27, 247]
[26, 247]
[25, 247]
[24, 247]
[23, 247]
[24, 246]
[23, 246]
[22, 246]
[21, 247]
[20, 247]
[19, 247]
[18, 247]
[17, 247]
[16, 247]
[15, 247]
[14, 247]
[15, 247]
[14, 247]
[13, 247]
[12, 247]
[11, 247]
[10, 247]
[9, 247]
[8, 247]
[7, 248]
[6, 248]
[5, 248]
[6, 248]
[5, 248]
[4, 248]
[3, 248]
[2, 248]
[1, 248]
[1, 248]
[1, 248]
[1, 248]
[1, 248]
[1, 248]
[1, 248]
[1, 248]
[1, 248]
[1, 248]
[1, 248]
[1, 248]
[1, 248]
[1, 248]
[1, 248]
[1, 248]
[1, 248]
[1, 248]
[2, 247]
[1, 247]
[1, 247]
[1, 247]
[1, 247]
[2, 247]
[1, 247]
[2, 246]
[2, 247]
[1, 247]
[2, 248]
[1, 247]
[1, 246]
[1, 245]
[1, 244]
[2, 244]
[3, 244]
[4, 244]
[5, 244]
[6, 244]
[7, 244]
[8, 244]
[9, 244]
[10, 244]
[11, 244]
[12, 244]
[13, 243]
[14, 243]
[15, 243]
[16, 243]
[17, 244]
[18, 244]
[19, 244]
[18, 244]
[19, 244]
[20, 244]
[21, 244]
[22, 244]
[23, 244]
[24, 244]
[25, 244]
[26, 244]
[27, 244]
[28, 244]
[29, 244]
[28, 245]
[27, 244]
[28, 244]
[29, 244]
[28, 243]
[29, 243]
[30, 242]
[31, 242]
[32, 242]
[33, 242]
[34, 242]
[35, 242]
[36, 242]
[37, 242]
[38, 242]
[39, 242]
[39, 243]
[40, 243]
[41, 243]
[42, 243]
[43, 243]
[44, 243]
[45, 243]
[46, 243]
[47, 243]
[48, 243]
[49, 243]
[50, 243]
[51, 243]
[52, 243]
[52, 242]
[51, 243]
[52, 243]
[53, 243]
[54, 243]
[55, 243]
[56, 243]
[57, 243]
[58, 243]
[59, 243]
[60, 243]
[61, 243]
[62, 243]
[63, 243]
[64, 243]
[65, 243]
[66, 243]
[67, 243]
[68, 243]
[69, 243]
[70, 243]
[71, 243]
[72, 243]
[72, 242]
[73, 242]
[74, 242]
[75, 242]
[76, 242]
[77, 242]
[78, 242]
[79, 242]
[80, 242]
[81, 242]
[82, 242]
[83, 242]
[84, 242]
[85, 242]
[86, 242]
[87, 242]
[87, 241]
[88, 241]
[87, 241]
[88, 241]
[89, 241]
[90, 241]
[91, 241]
[92, 241]
[93, 241]
[94, 241]
[93, 240]
[92, 241]
[92, 240]
[93, 240]
[94, 240]
[95, 240]
[96, 240]
[97, 240]
[98, 240]
[99, 240]
[100, 240]
[101, 240]
[102, 240]
[103, 240]
[104, 240]
[105, 240]
[106, 240]
[107, 240]
[108, 240]
[109, 240]
[110, 240]
[111, 240]
[112, 240]
[113, 240]
[114, 240]
[115, 240]
[116, 240]
[117, 240]
[118, 240]
[119, 239]
[120, 239]
[121, 239]
[122, 239]
[123, 239]
[124, 239]
[125, 239]
[126, 239]
[127, 239]
[128, 239]
[129, 239]
[128, 238]
[127, 237]
[128, 237]
[129, 237]
[130, 237]
[131, 237]
[132, 237]
[133, 237]
[134, 237]
[135, 237]
[136, 237]
[137, 237]
[138, 237]
[139, 237]
[140, 237]
[141, 237]
[142, 237]
[143, 237]
[144, 237]
[145, 237]
[146, 237]
[147, 237]
[148, 237]
[149, 237]
[150, 237]
[151, 237]
[152, 237]
[153, 237]
[154, 237]
[155, 237]
[156, 237]
[157, 237]
[158, 237]
[159, 237]
[160, 237]
[161, 237]
[162, 237]
[163, 237]
[164, 237]
[165, 237]
[164, 236]
[165, 236]
[166, 236]
[167, 236]
[168, 236]
[169, 236]
[170, 236]
[171, 236]
[172, 236]
[173, 236]
[174, 236]
[175, 236]
[176, 236]
[177, 236]
[178, 236]
[179, 236]
[180, 236]
[181, 236]
[182, 236]
[183, 236]
[184, 236]
[185, 236]
[185, 237]
[186, 237]
[187, 237]
[188, 237]
[189, 237]
[190, 237]
[191, 237]
[192, 237]
[193, 237]
[194, 237]
[195, 237]
[196, 237]
[195, 237]
[195, 236]
[196, 236]
[197, 236]
[198, 236]
[199, 236]
[200, 236]
[201, 236]
[202, 236]
[203, 236]
[204, 236]
[205, 236]
[206, 236]
[207, 236]
[208, 236]
[209, 236]
[210, 236]
[209, 237]
[210, 237]
[209, 238]
[210, 238]
[209, 237]
[209, 236]
[210, 236]
[209, 237]
[210, 237]
[210, 236]
[209, 237]
[210, 237]
[209, 238]
[210, 238]
[211, 237]
[210, 238]
[209, 239]
[210, 239]
[209, 240]
[210, 240]
[209, 241]
[210, 241]
[209, 242]
[210, 242]
[209, 243]
[210, 243]
[209, 244]
[210, 244]
[209, 245]
[208, 244]
[209, 244]
[209, 245]
[208, 244]
[209, 244]
[210, 243]
[209, 244]
[210, 244]
[209, 245]
[208, 244]
[209, 244]
[210, 244]
[209, 245]
[208, 244]
[209, 244]
[210, 244]
[209, 245]
[208, 244]
[209, 244]
[210, 244]
[209, 245]
[208, 244]
[209, 244]
[210, 244]
[209, 245]
[208, 244]
[209, 244]
[210, 244]
[209, 245]
[208, 244]
[209, 244]
[210, 244]
[209, 245]
[208, 244]
[209, 244]
[210, 243]
[209, 244]
[210, 244]
[209, 245]
[208, 245]
[207, 244]
[208, 244]
[209, 244]
[210, 244]
[209, 245]
[208, 244]
[209, 244]
[210, 244]
[209, 245]
[208, 244]
[209, 244]
[210, 244]
[209, 245]
[208, 244]
[209, 244]
[210, 244]
[209, 245]
[208, 244]
[209, 244]
[208, 245]
[207, 244]
[208, 244]
[209, 244]
[210, 244]
[209, 245]
[208, 244]
[209, 244]
[210, 244]
[209, 245]
[208, 244]
[209, 244]
[210, 244]
[209, 245]
[208, 244]
[209, 244]
[210, 244]
[209, 245]
[208, 244]
[209, 244]
[210, 244]
[209, 245]
[208, 244]
[209, 244]
[210, 244]
[209, 245]
[208, 244]
[209, 245]
[208, 244]
[209, 244]
[210, 244]
[209, 245]
[208, 244]
[209, 244]
[208, 245]
[207, 244]
[208, 244]
[207, 244]
[208, 244]
[209, 244]
[210, 244]
[209, 245]
[208, 244]
[209, 244]
[210, 244]
[209, 245]
[208, 244]
[209, 245]
[209, 244]
[210, 244]
[209, 245]
[208, 244]
[207, 245]
[206, 244]
[207, 244]
[208, 244]
[209, 244]
[208, 244]
[208, 243]
[209, 243]
[210, 243]
[209, 242]
[210, 242]
[209, 243]
[210, 243]
[209, 244]
[210, 244]
[209, 245]
[208, 244]
[209, 244]
[210, 244]
[209, 245]
[208, 244]
[209, 244]
[210, 245]
