[188, 202]
[187, 201]
[186, 200]
[185, 199]
[184, 198]
[183, 198]
[182, 197]
[181, 196]
[180, 195]
[181, 196]
[180, 195]
[179, 194]
[178, 194]
[177, 193]
[176, 192]
[175, 191]
[174, 190]
[173, 189]
[172, 188]
[171, 187]
[170, 186]
[169, 185]
[168, 184]
[167, 183]
[166, 182]
[165, 181]
[164, 180]
[163, 179]
[162, 178]
[162, 179]
[161, 178]
[160, 177]
[159, 177]
[158, 176]
[158, 177]
[157, 176]
[156, 175]
[155, 174]
[154, 173]
[153, 172]
[152, 171]
[152, 170]
[151, 169]
[150, 168]
[149, 167]
[150, 166]
[149, 165]
[148, 164]
[149, 163]
[148, 162]
[147, 161]
[146, 160]
[145, 159]
[144, 159]
[144, 160]
[143, 159]
[142, 158]
[141, 157]
[140, 156]
[139, 155]
[138, 154]
[137, 153]
[136, 152]
[135, 151]
[134, 150]
[133, 149]
[132, 148]
[131, 147]
[130, 146]
[129, 145]
[128, 144]
[127, 143]
[126, 142]
[125, 141]
[124, 140]
[123, 139]
[122, 138]
[121, 137]
[120, 136]
[119, 135]
[118, 134]
[117, 133]
[116, 132]
[115, 131]
[114, 130]
[113, 129]
[112, 128]
[111, 127]
[110, 126]
[109, 125]
[108, 124]
[107, 123]
[106, 122]
[107, 123]
[106, 122]
[107, 123]
[106, 122]
[107, 123]
[106, 122]
[107, 123]
[106, 123]
[105, 122]
[106, 123]
[105, 122]
[106, 123]
[105, 122]
[106, 123]
[105, 122]
[106, 122]
[107, 123]
[106, 122]
[107, 123]
[106, 122]
[107, 123]
[106, 122]
[107, 123]
[108, 123]
[107, 122]
[108, 123]
[107, 122]
[108, 123]
[109, 122]
[110, 123]
[109, 122]
[110, 123]
[109, 122]
[110, 123]
[109, 122]
[110, 123]
[109, 122]
[110, 123]
[109, 122]
[108, 122]
[107, 122]
[106, 122]
[106, 121]
[105, 121]
[104, 121]
[103, 121]
[102, 121]
[101, 121]
[100, 121]
[100, 120]
[99, 120]
[98, 120]
[97, 120]
[96, 120]
[95, 120]
[94, 119]
[95, 119]
[94, 119]
[93, 120]
[92, 120]
[91, 120]
[90, 120]
[89, 120]
[88, 120]
[87, 120]
[86, 120]
[85, 120]
[85, 121]
[84, 121]
[83, 121]
[82, 121]
[81, 121]
[80, 121]
[81, 121]
[80, 121]
[79, 121]
[78, 121]
[77, 121]
[76, 121]
[75, 121]
[74, 121]
[73, 121]
[72, 121]
[71, 121]
[70, 121]
[69, 121]
[68, 121]
[67, 121]
[66, 121]
[67, 122]
[68, 123]
[67, 123]
[66, 122]
[67, 123]
[66, 122]
[67, 123]
[66, 122]
[67, 123]
[66, 122]
[65, 122]
[66, 123]
[65, 122]
[66, 123]
[65, 122]
[66, 123]
[66, 124]
[65, 123]
[64, 122]
[65, 123]
[64, 122]
[65, 123]
[66, 122]
[67, 123]
[66, 122]
[67, 123]
[66, 122]
[67, 123]
[66, 122]
[67, 123]
[66, 122]
[67, 123]
[66, 122]
[67, 123]
[66, 122]
[67, 123]
[66, 122]
[67, 123]
[66, 122]
[67, 123]
[66, 122]
[67, 123]
[66, 122]
[67, 123]
[66, 122]
[66, 123]
[66, 124]
[65, 123]
[64, 122]
[65, 122]
[66, 123]
[65, 122]
[66, 123]
[65, 122]
[66, 123]
[65, 122]
[66, 123]
[65, 122]
[66, 123]
[65, 122]
[66, 123]
[65, 122]
[66, 123]
[65, 122]
[66, 123]
[65, 122]
[66, 123]
[65, 122]
[66, 123]
[65, 122]
[66, 123]
[65, 122]
[66, 123]
[65, 122]
[66, 123]
[65, 122]
[66, 123]
[65, 122]
[66, 123]
[65, 122]
[66, 123]
[65, 122]
[66, 123]
[65, 122]
[66, 123]
[65, 122]
[66, 123]
[65, 122]
[66, 123]
[65, 122]
[66, 123]
[65, 122]
[66, 123]
[65, 122]
[64, 123]
[63, 122]
[64, 123]
[63, 122]
[64, 123]
[63, 122]
[64, 123]
[63, 122]
[64, 123]
[63, 122]
[64, 123]
[63, 122]
[64, 123]
[63, 122]
[64, 123]
[63, 122]
[64, 123]
[63, 123]
[62, 122]
[63, 123]
[62, 122]
[63, 123]
[62, 122]
[63, 123]
[62, 122]
[63, 123]
[62, 122]
[63, 123]
[62, 122]
[63, 123]
[62, 122]
[63, 123]
[62, 122]
[61, 123]
[60, 122]
[61, 123]
[60, 122]
[61, 123]
[60, 122]
[61, 123]
[60, 122]
[61, 123]
[60, 122]
[61, 123]
[60, 122]
[61, 123]
[60, 122]
[60, 123]
[61, 124]
[60, 123]
[61, 124]
[60, 123]
[59, 122]
[60, 123]
[59, 122]
[60, 123]
[59, 122]
[60, 123]
[59, 122]
[60, 123]
[59, 122]
[60, 123]
[59, 122]
[60, 123]
[59, 122]
[60, 123]
[59, 124]
[58, 124]
[57, 123]
[56, 122]
[57, 123]
[56, 122]
[57, 121]
[58, 122]
[59, 123]
[58, 122]
[59, 123]
[58, 122]
[59, 123]
[58, 122]
[59, 123]
[58, 122]
[59, 123]
[58, 122]
[59, 123]
[58, 122]
[59, 123]
[58, 122]
[57, 122]
[58, 123]
[57, 122]
[58, 123]
[57, 122]
[58, 123]
[57, 122]
[58, 123]
[57, 122]
[56, 122]
[55, 122]
[54, 122]
[53, 122]
[52, 122]
[51, 122]
[50, 122]
[49, 122]
[49, 121]
[49, 120]
[49, 119]
[49, 118]
[49, 117]
[49, 116]
[49, 115]
[49, 114]
[49, 113]
[49, 112]
[49, 111]
[49, 110]
[49, 109]
[49, 108]
[48, 107]
[48, 106]
[48, 105]
[48, 104]
[48, 103]
[48, 102]
[48, 101]
[48, 100]
[48, 99]
[48, 98]
[48, 97]
[48, 96]
[48, 95]
[48, 94]
[48, 93]
[48, 92]
[48, 91]
[48, 90]
[48, 89]
[48, 88]
[48, 87]
[48, 86]
[48, 85]
[48, 84]
[48, 83]
[48, 82]
[48, 81]
[48, 80]
[48, 79]
[48, 78]
[48, 77]
[48, 76]
[48, 75]
[48, 74]
[49, 73]
[49, 72]
[49, 71]
[49, 70]
[48, 71]
[48, 70]
[48, 69]
[48, 68]
[48, 67]
[48, 66]
[48, 65]
[48, 64]
[48, 63]
[48, 62]
[48, 61]
[48, 60]
[48, 59]
[48, 58]
[48, 57]
[47, 57]
[47, 56]
[47, 55]
[47, 54]
[47, 53]
[47, 52]
[48, 53]
[48, 52]
[49, 53]
[49, 52]
[48, 52]
[48, 51]
[48, 50]
[48, 49]
[48, 48]
[48, 47]
[48, 46]
[49, 47]
[49, 46]
[49, 45]
[49, 44]
[49, 43]
[49, 42]
[49, 41]
[49, 40]
[49, 39]
[49, 38]
[49, 37]
[49, 38]
[49, 37]
[49, 36]
[49, 35]
[49, 34]
[49, 35]
[49, 36]
[49, 35]
[49, 34]
[49, 33]
[49, 32]
[49, 31]
[49, 30]
[49, 29]
[49, 28]
[49, 27]
[49, 26]
[49, 25]
[49, 24]
[49, 23]
[49, 22]
[49, 21]
[49, 20]
[49, 21]
[49, 20]
[49, 19]
[49, 18]
[49, 17]
[49, 16]
[49, 15]
[49, 14]
[49, 13]
[49, 12]
[49, 11]
[49, 10]
[49, 9]
[49, 8]
[49, 7]
[49, 6]
[49, 5]
[49, 4]
[49, 3]
[49, 2]
[49, 1]
[49, 1]
[49, 1]
[49, 1]
[49, 1]
[49, 1]
[49, 1]
[49, 1]
[49, 1]
[49, 1]
[49, 1]
[49, 1]
[49, 1]
[50, 1]
[49, 1]
[48, 1]
[48, 1]
[48, 1]
[48, 1]
[48, 1]
[48, 1]
[47, 2]
[47, 1]
[47, 1]
[47, 1]
[47, 1]
[47, 1]
[47, 1]
[47, 1]
[47, 1]
[47, 1]
[47, 1]
[47, 1]
[47, 1]
[47, 1]
[47, 1]
[47, 1]
[47, 1]
[48, 1]
[49, 1]
[49, 2]
[48, 3]
[48, 2]
[48, 1]
[48, 1]
[48, 1]
[48, 1]
[48, 1]
[48, 1]
[48, 1]
[48, 1]
[48, 1]
[48, 1]
[48, 1]
[48, 1]
[48, 1]
[48, 1]
[48, 1]
[48, 1]
[48, 1]
[48, 1]
[48, 1]
[48, 1]
[48, 1]
[48, 1]
[48, 1]
[48, 1]
[48, 1]
[48, 1]
[48, 1]
[48, 1]
[48, 1]
[48, 1]
[48, 1]
[48, 1]
[48, 1]
[48, 1]
[49, 2]
[49, 1]
[49, 1]
[49, 1]
[49, 1]
[49, 1]
[49, 1]
[49, 1]
[49, 1]
[49, 1]
[49, 1]
[49, 1]
[49, 1]
[49, 1]
[49, 1]
[49, 1]
[49, 1]
[49, 1]
[49, 1]
[49, 1]
[49, 1]
[49, 1]
[49, 1]
[49, 1]
[49, 1]
[49, 1]
[49, 1]
[49, 1]
[49, 1]
[49, 1]
[49, 1]
[49, 1]
[49, 1]
[49, 1]
[50, 1]
[49, 1]
[49, 1]
[49, 1]
[49, 1]
[49, 1]
[49, 1]
[49, 1]
[49, 1]
[49, 1]
[49, 1]
[49, 1]
[49, 1]
[49, 1]
[49, 1]
[49, 1]
[49, 1]
[49, 1]
[49, 1]
[49, 1]
[49, 1]
[49, 1]
[49, 1]
[49, 1]
[49, 1]
[49, 1]
[49, 1]
[49, 1]
[49, 1]
[49, 1]
[49, 1]
[49, 1]
[49, 1]
[49, 1]
[49, 1]
[49, 1]
[49, 1]
[49, 1]
[49, 1]
[49, 1]
[49, 1]
[49, 1]
[49, 1]
[49, 1]
[49, 1]
[49, 1]
[49, 1]
[49, 1]
[49, 1]
[49, 1]
[49, 1]
[49, 1]
[49, 1]
[49, 1]
[49, 1]
[49, 1]
[49, 1]
[49, 1]
[49, 1]
[49, 1]
[49, 1]
[49, 1]
[49, 1]
[49, 1]
[49, 1]
[49, 1]
[50, 2]
[49, 2]
[49, 1]
[49, 1]
[49, 2]
[49, 1]
[48, 2]
[48, 1]
[48, 1]
[48, 1]
[48, 1]
[48, 1]
[48, 1]
[48, 2]
[48, 1]
[48, 1]
[48, 1]
[48, 1]
[48, 1]
[48, 1]
[48, 2]
[48, 1]
[48, 1]
[48, 2]
[49, 1]
[49, 1]
[49, 1]
[49, 1]
[49, 1]
[49, 1]
[50, 2]
[49, 2]
[49, 1]
[49, 1]
[49, 1]
[49, 1]
[49, 1]
[49, 1]
[49, 1]
[49, 2]
[49, 1]
[49, 1]
[49, 1]
[49, 1]
[49, 1]
[49, 1]
[49, 1]
[49, 1]
[49, 1]
[49, 1]
[49, 1]
[49, 1]
[49, 1]
[49, 1]
[49, 1]
[49, 1]
[49, 1]
[49, 1]
[49, 1]
[49, 1]
[49, 1]
[49, 1]
[49, 1]
[49, 1]
[49, 1]
[49, 1]
[49, 1]
[49, 1]
[49, 1]
[49, 1]
[48, 2]
[48, 1]
[48, 1]
[48, 1]
[48, 1]
[49, 1]
[49, 1]
[49, 1]
[49, 1]
[49, 2]
[49, 1]
[49, 1]
[48, 2]
[49, 1]
[49, 1]
[49, 1]
[50, 2]
[49, 2]
[49, 1]
[49, 2]
[49, 1]
[49, 1]
[49, 1]
[49, 1]
[49, 1]
[49, 1]
[49, 1]
[49, 1]
[49, 1]
[49, 1]
[49, 1]
[49, 1]
[49, 1]
[49, 1]
[48, 1]
[48, 1]
[47, 1]
[47, 1]
[47, 1]
[47, 1]
[47, 1]
[47, 1]
[47, 1]
[47, 1]
[47, 1]
[47, 1]
[47, 1]
[47, 1]
[46, 1]
[46, 1]
[46, 1]
[46, 1]
[46, 1]
[46, 1]
[46, 1]
[46, 1]
[46, 1]
[46, 1]
[46, 1]
[46, 1]
[46, 1]
[46, 1]
[46, 1]
[46, 1]
[45, 2]
[45, 1]
[45, 1]
[45, 1]
[45, 1]
[45, 1]
[46, 1]
[46, 1]
[46, 1]
[46, 1]
[46, 1]
[46, 1]
[46, 1]
[46, 1]
[46, 1]
[46, 1]
[46, 1]
[46, 1]
[45, 1]
[45, 1]
[45, 1]
[45, 1]
[45, 1]
[45, 1]
[45, 1]
[45, 1]
[45, 1]
[45, 1]
[45, 1]
[45, 1]
[45, 1]
[45, 1]
[46, 1]
[46, 1]
[46, 1]
[46, 1]
[46, 1]
[46, 1]
[46, 1]
[46, 1]
[46, 1]
[46, 1]
[46, 1]
[46, 1]
[46, 2]
[46, 1]
[46, 1]
[46, 1]
[46, 1]
[46, 1]
[46, 1]
[46, 1]
[46, 1]
[46, 1]
[46, 1]
[46, 1]
[46, 1]
[46, 1]
[46, 1]
[46, 1]
[46, 1]
[45, 1]
[46, 2]
[46, 1]
[46, 1]
[46, 1]
[46, 1]
[46, 1]
[45, 2]
[45, 1]
[45, 1]
[45, 1]
[45, 1]
[45, 1]
[45, 1]
[45, 1]
[45, 1]
[45, 1]
[45, 1]
[45, 1]
[45, 1]
[45, 1]
[45, 1]
[45, 1]
[45, 1]
[45, 2]
[45, 1]
[45, 1]
[45, 1]
[45, 1]
[45, 1]
[45, 1]
[45, 1]
[45, 1]
[45, 1]
[46, 1]
[46, 1]
[46, 1]
[46, 1]
[46, 1]
[46, 1]
[46, 1]
[45, 1]
[44, 1]
[43, 1]
[42, 1]
[41, 1]
[40, 1]
[39, 1]
[38, 1]
[37, 1]
[36, 1]
[35, 1]
[34, 1]
[33, 1]
[32, 1]
[31, 1]
[30, 1]
[29, 1]
[30, 1]
[29, 1]
[28, 1]
[28, 1]
[28, 1]
[28, 1]
[28, 1]
[28, 1]
[28, 1]
[28, 1]
[28, 1]
[28, 1]
[28, 1]
[28, 1]
[28, 1]
[28, 1]
[28, 1]
[28, 1]
[28, 1]
[28, 1]
[28, 1]
[28, 1]
[28, 1]
[28, 1]
[28, 1]
[28, 1]
[28, 1]
[28, 1]
[28, 1]
[28, 1]
[28, 1]
[28, 1]
[28, 1]
[28, 1]
[28, 1]
[28, 1]
[28, 1]
[28, 1]
[29, 2]
[30, 3]
[31, 4]
[32, 5]
[33, 6]
[34, 7]
[35, 8]
[36, 9]
[37, 10]
[38, 11]
[39, 12]
[40, 13]
[41, 14]
[42, 15]
[43, 16]
[44, 17]
[45, 18]
[46, 19]
[47, 20]
[48, 21]
[49, 22]
[50, 23]
[50, 24]
[50, 25]
[50, 26]
[50, 27]
[50, 28]
[50, 29]
[50, 30]
[50, 31]
[50, 32]
[50, 33]
[51, 32]
[51, 33]
[51, 34]
[51, 35]
[50, 35]
[50, 36]
[50, 37]
[50, 38]
[50, 39]
[50, 40]
[50, 41]
[50, 42]
[50, 43]
[50, 44]
[50, 45]
[50, 46]
[50, 47]
[50, 48]
[50, 49]
[50, 50]
[50, 51]
[50, 52]
[50, 53]
[50, 54]
[50, 55]
[50, 56]
[50, 57]
[50, 58]
[50, 59]
[50, 60]
[50, 61]
[50, 62]
[50, 63]
[50, 64]
[50, 65]
[50, 66]
[50, 67]
[50, 68]
[50, 69]
[50, 70]
[50, 71]
[50, 72]
[50, 73]
[50, 74]
[50, 75]
[50, 76]
[50, 77]
[50, 78]
[50, 79]
[50, 80]
[50, 81]
[50, 82]
[50, 83]
[50, 84]
[50, 85]
[50, 86]
[50, 87]
[50, 88]
[50, 89]
[50, 90]
[50, 91]
[50, 92]
[50, 93]
[50, 94]
[50, 95]
[50, 96]
[50, 97]
[50, 98]
[50, 99]
[50, 100]
[50, 101]
[50, 102]
[50, 103]
[50, 104]
[50, 105]
[50, 106]
[51, 106]
[51, 107]
[51, 108]
[52, 107]
[52, 108]
[53, 108]
[53, 109]
[53, 110]
[53, 111]
[53, 112]
[53, 113]
[53, 114]
[53, 115]
[53, 116]
[53, 117]
[53, 118]
[53, 119]
[52, 118]
[52, 119]
[52, 120]
[52, 121]
[52, 122]
[52, 123]
[51, 122]
[51, 123]
[50, 122]
[50, 123]
