[294, 74]
[294, 75]
[294, 76]
[294, 77]
[294, 78]
[294, 79]
[294, 80]
[295, 79]
[295, 80]
[295, 81]
[295, 82]
[295, 83]
[295, 84]
[295, 85]
[295, 86]
[295, 87]
[295, 88]
[295, 87]
[295, 88]
[295, 89]
[295, 90]
[295, 91]
[295, 92]
[295, 93]
[295, 94]
[295, 95]
[295, 96]
[294, 95]
[294, 96]
[293, 95]
[293, 96]
[292, 95]
[292, 96]
[291, 95]
[291, 96]
[290, 95]
[290, 96]
[289, 95]
[289, 96]
[288, 95]
[288, 96]
[287, 95]
[287, 96]
[286, 95]
[287, 94]
[287, 95]
[287, 96]
[286, 95]
[286, 96]
[285, 95]
[285, 96]
[284, 95]
[283, 94]
[283, 95]
[283, 96]
[282, 95]
[282, 96]
[281, 95]
[281, 96]
[280, 95]
[280, 96]
[279, 95]
[279, 96]
[278, 95]
[278, 96]
[277, 95]
[277, 96]
[276, 95]
[276, 96]
[275, 95]
[275, 96]
[274, 95]
[274, 96]
[273, 95]
[273, 96]
[272, 95]
[272, 96]
[271, 95]
[271, 96]
[270, 95]
[270, 96]
[269, 95]
[269, 96]
[268, 95]
[268, 96]
[267, 95]
[267, 96]
[266, 95]
[266, 96]
[265, 95]
[265, 96]
[264, 95]
[264, 96]
[263, 95]
[263, 96]
[262, 95]
[263, 96]
[262, 95]
[262, 96]
[262, 97]
[261, 96]
[260, 95]
[260, 96]
[259, 95]
[259, 96]
[258, 95]
[258, 96]
[257, 95]
[257, 96]
[256, 95]
[257, 96]
[256, 95]
[256, 96]
[257, 96]
[256, 95]
[256, 96]
[255, 95]
[255, 96]
[254, 95]
[254, 96]
[253, 95]
[253, 96]
[252, 95]
[252, 96]
[251, 95]
[251, 96]
[250, 95]
[250, 96]
[249, 95]
[249, 96]
[248, 96]
[247, 95]
[247, 96]
[246, 95]
[246, 96]
[245, 95]
[245, 96]
[244, 95]
[244, 96]
[243, 95]
[243, 96]
[242, 95]
[242, 96]
[241, 95]
[241, 96]
[240, 95]
[240, 96]
[239, 95]
[239, 96]
