[131, 149]
[131, 150]
[131, 151]
[131, 152]
[131, 153]
[131, 154]
[131, 155]
[131, 156]
[131, 157]
[131, 158]
[131, 159]
[131, 160]
[130, 159]
[131, 158]
[131, 159]
[131, 160]
[131, 161]
[131, 162]
[131, 163]
[131, 164]
[131, 165]
[131, 166]
[131, 167]
[131, 168]
[131, 169]
[131, 170]
[131, 171]
[131, 172]
[131, 173]
[131, 174]
[130, 174]
[130, 175]
[130, 176]
[130, 177]
[130, 178]
[130, 179]
[130, 180]
[130, 181]
[130, 182]
[130, 183]
[130, 184]
[130, 185]
[130, 186]
[129, 186]
[129, 187]
[129, 188]
[129, 187]
[129, 188]
[129, 189]
[129, 190]
[129, 191]
[129, 192]
[130, 191]
[130, 192]
[131, 191]
[131, 192]
[132, 191]
[133, 190]
[133, 191]
[133, 192]
[134, 191]
[134, 192]
[135, 191]
[135, 192]
[136, 191]
[136, 192]
[137, 193]
[138, 192]
[139, 191]
[139, 192]
[140, 191]
[140, 192]
[141, 191]
[141, 192]
[140, 192]
[141, 191]
[141, 192]
[142, 191]
[142, 192]
[143, 191]
[143, 192]
[144, 191]
[144, 192]
[145, 191]
[145, 192]
[146, 191]
[146, 192]
[147, 191]
[147, 192]
[148, 191]
[148, 192]
[149, 191]
[149, 192]
[150, 191]
[150, 192]
[151, 191]
[152, 191]
[152, 192]
[153, 191]
[153, 192]
[152, 193]
[153, 192]
[154, 191]
[154, 192]
[154, 193]
[155, 192]
[156, 191]
[156, 192]
[157, 191]
[157, 192]
[158, 191]
[158, 192]
[159, 191]
[159, 192]
[160, 191]
[160, 192]
[159, 193]
[159, 192]
[159, 191]
[159, 190]
[159, 191]
[159, 192]
[160, 193]
[160, 192]
[160, 191]
[160, 192]
[161, 193]
[161, 192]
[161, 191]
[161, 192]
[161, 191]
[161, 192]
[161, 191]
[161, 192]
[161, 191]
[161, 192]
[161, 191]
[161, 192]
[161, 191]
[161, 192]
[161, 191]
[161, 192]
[161, 191]
[161, 192]
[161, 191]
[161, 192]
[161, 191]
[161, 192]
[161, 191]
[161, 192]
[161, 191]
[161, 192]
[161, 191]
[161, 192]
[161, 191]
[161, 192]
[161, 191]
[161, 192]
[161, 191]
[161, 192]
[161, 191]
[162, 192]
[162, 191]
[163, 192]
[163, 191]
[164, 192]
[165, 191]
[166, 192]
[167, 191]
[168, 192]
[169, 191]
[170, 192]
[171, 191]
[172, 192]
[173, 191]
[174, 192]
[174, 191]
[175, 192]
[175, 191]
[176, 192]
[176, 191]
[177, 192]
[177, 191]
[178, 192]
[178, 191]
[177, 191]
[178, 192]
[178, 191]
[179, 192]
[179, 191]
[180, 192]
[180, 191]
[181, 192]
[181, 191]
[182, 192]
[182, 191]
[183, 192]
[183, 191]
[184, 192]
[184, 191]
[185, 192]
[185, 191]
[186, 192]
[186, 191]
[187, 192]
[187, 191]
[188, 192]
[188, 191]
[189, 192]
[189, 191]
[190, 192]
[191, 192]
[191, 191]
[192, 192]
[192, 191]
[193, 192]
[193, 191]
[194, 192]
[194, 191]
[195, 192]
[195, 191]
[196, 192]
[196, 191]
[197, 192]
[197, 191]
[198, 192]
[198, 191]
[199, 192]
[199, 191]
[200, 192]
[200, 191]
[201, 192]
[201, 191]
[202, 192]
[202, 191]
[203, 192]
[203, 191]
[204, 192]
[204, 191]
[205, 192]
[205, 191]
[206, 192]
[206, 191]
[206, 190]
[207, 191]
[208, 192]
[208, 191]
[209, 192]
[209, 191]
[210, 192]
[210, 191]
[211, 192]
[211, 191]
[212, 192]
[212, 191]
[213, 192]
[213, 191]
[214, 192]
[214, 191]
[215, 192]
[215, 191]
[216, 192]
[216, 191]
[217, 192]
[217, 191]
[218, 192]
[218, 191]
[219, 192]
[219, 191]
[220, 192]
[220, 191]
[220, 190]
[221, 191]
[222, 192]
[222, 191]
[223, 192]
[223, 191]
[224, 192]
[224, 191]
[225, 192]
[225, 191]
[226, 192]
[226, 191]
[227, 192]
[227, 191]
[228, 191]
[229, 192]
[229, 191]
[230, 192]
[230, 191]
[231, 192]
[231, 191]
[231, 192]
[231, 191]
[232, 192]
[232, 191]
[233, 192]
[233, 191]
[234, 192]
[234, 191]
[235, 192]
[235, 191]
[236, 192]
[236, 191]
[237, 192]
[237, 191]
[238, 192]
[238, 191]
[239, 192]
[239, 191]
[240, 192]
[240, 191]
[241, 192]
[241, 191]
[242, 192]
[242, 191]
[243, 192]
[243, 191]
[244, 192]
[244, 191]
[245, 192]
[245, 191]
[246, 192]
[246, 191]
[247, 192]
[247, 191]
[248, 191]
[249, 192]
[249, 191]
[250, 192]
[250, 191]
[251, 192]
[251, 191]
[252, 192]
[252, 191]
[253, 192]
[253, 191]
[254, 192]
[254, 191]
[255, 192]
[255, 191]
[256, 192]
[256, 191]
[257, 192]
[257, 191]
[258, 192]
[258, 191]
[258, 192]
[258, 191]
[259, 192]
[259, 191]
[260, 192]
[260, 191]
[261, 192]
[261, 191]
[262, 192]
[262, 191]
[263, 192]
[263, 191]
[264, 192]
[264, 191]
[264, 190]
[265, 191]
[266, 192]
[266, 191]
[267, 190]
[266, 189]
[265, 188]
[266, 189]
[267, 190]
[266, 189]
[267, 190]
[266, 189]
[267, 190]
[266, 189]
[267, 190]
[266, 189]
[267, 190]
[266, 189]
[267, 190]
[266, 189]
[267, 190]
[266, 190]
[267, 191]
[266, 190]
[267, 191]
[266, 190]
[267, 191]
[266, 190]
[267, 191]
[267, 192]
