[3, 40]
[4, 39]
[3, 40]
[2, 41]
[1, 42]
[1, 43]
[1, 44]
[1, 45]
[1, 46]
[1, 47]
[1, 47]
[1, 48]
[1, 49]
[1, 50]
[1, 51]
[1, 52]
[1, 53]
[1, 54]
[1, 55]
[1, 56]
[1, 57]
[1, 58]
[1, 59]
[1, 60]
[1, 61]
[1, 62]
[1, 63]
[1, 64]
[1, 65]
[1, 66]
[1, 67]
[1, 68]
[1, 69]
[1, 70]
[1, 71]
[1, 72]
[1, 73]
[1, 74]
[1, 75]
[1, 76]
[1, 77]
[1, 78]
[1, 79]
[1, 80]
[1, 81]
[1, 82]
[1, 83]
[1, 84]
[1, 85]
[1, 86]
[1, 87]
[1, 88]
[1, 89]
[1, 90]
[1, 90]
[1, 91]
[1, 92]
[1, 93]
[1, 94]
[1, 95]
[1, 96]
[2, 97]
[3, 98]
[4, 99]
[4, 100]
[5, 101]
[6, 102]
[7, 103]
[8, 104]
[9, 105]
[10, 106]
[9, 106]
[10, 107]
[11, 108]
[10, 108]
[11, 109]
[12, 110]
[13, 111]
[14, 111]
[15, 112]
[14, 111]
[15, 112]
[16, 113]
[17, 114]
[18, 115]
[19, 116]
[20, 117]
[21, 118]
[20, 119]
[21, 120]
[22, 121]
[23, 122]
[24, 123]
[25, 124]
[24, 123]
[25, 124]
[26, 125]
[27, 124]
[28, 125]
[29, 126]
[30, 127]
[31, 128]
[32, 129]
[33, 130]
[34, 131]
[35, 132]
[34, 133]
[35, 134]
[36, 135]
[37, 136]
[38, 137]
[39, 138]
[40, 139]
[41, 140]
[42, 141]
[43, 142]
[44, 143]
[45, 144]
[46, 145]
[47, 146]
[48, 147]
[49, 148]
[50, 149]
[51, 150]
[52, 151]
[53, 152]
[52, 152]
[53, 153]
[54, 154]
[55, 155]
[56, 156]
[57, 157]
[58, 158]
[59, 159]
[60, 160]
[61, 161]
[62, 162]
[63, 163]
[64, 164]
[65, 165]
[66, 166]
[67, 167]
[68, 168]
[69, 169]
[70, 170]
[71, 171]
[70, 170]
[71, 171]
[72, 172]
[73, 173]
[74, 174]
[75, 175]
[76, 176]
[77, 177]
[78, 178]
[79, 179]
[80, 180]
[81, 181]
[82, 182]
[83, 183]
[84, 184]
[85, 185]
[86, 186]
[87, 187]
[88, 188]
[89, 189]
[90, 190]
[91, 190]
[90, 190]
[91, 190]
[92, 190]
[93, 190]
[94, 190]
[95, 190]
[96, 190]
[97, 190]
[98, 190]
[97, 190]
[98, 190]
[99, 190]
[100, 190]
[101, 190]
[102, 190]
[103, 190]
[104, 190]
[105, 190]
[106, 190]
[107, 190]
[108, 190]
[109, 190]
[110, 190]
[111, 190]
[112, 190]
[113, 190]
[114, 189]
[115, 189]
[116, 190]
[116, 189]
[116, 190]
[117, 190]
[118, 190]
[119, 190]
[118, 189]
[119, 189]
[120, 189]
[121, 189]
[122, 189]
[123, 189]
[124, 189]
[125, 189]
[126, 189]
[127, 189]
[128, 189]
[129, 189]
[130, 189]
[131, 189]
[132, 189]
[133, 189]
[134, 189]
[135, 189]
[135, 188]
[136, 188]
[136, 187]
[137, 187]
[138, 187]
[139, 187]
[140, 187]
[141, 187]
[142, 187]
[143, 187]
[144, 187]
[145, 187]
[146, 187]
[147, 187]
[148, 187]
[149, 187]
[150, 187]
[151, 187]
[152, 187]
[153, 187]
[154, 187]
[155, 187]
[156, 187]
[157, 186]
[158, 186]
[159, 186]
[160, 186]
[161, 186]
[162, 186]
[161, 185]
[162, 185]
[161, 184]
[162, 184]
[161, 183]
[162, 183]
[161, 184]
[162, 184]
[161, 183]
[160, 182]
[159, 181]
[158, 180]
[159, 179]
[158, 178]
[159, 179]
[158, 178]
[157, 177]
[156, 176]
[155, 175]
[154, 174]
[153, 173]
[152, 172]
[153, 173]
[152, 172]
[151, 171]
[150, 170]
[149, 169]
[148, 168]
[147, 167]
[146, 166]
[145, 165]
[144, 164]
[144, 165]
[143, 164]
[142, 163]
[141, 162]
[140, 161]
[139, 160]
[138, 159]
[137, 158]
[136, 157]
[135, 156]
[134, 155]
[133, 154]
[132, 153]
[131, 152]
[130, 151]
[129, 150]
[130, 151]
[131, 151]
[132, 151]
[133, 151]
[134, 151]
[133, 152]
[134, 152]
[135, 152]
[136, 152]
[137, 152]
[138, 152]
[139, 152]
[140, 152]
[141, 152]
[142, 152]
[143, 152]
[144, 152]
[145, 152]
[146, 152]
[147, 152]
[148, 152]
[149, 152]
[149, 151]
[150, 151]
[151, 151]
[152, 151]
[153, 151]
[154, 151]
[155, 151]
[156, 151]
[157, 151]
[158, 151]
[159, 151]
[160, 151]
[161, 151]
[162, 151]
[161, 150]
[162, 150]
[161, 149]
[162, 149]
[161, 148]
[162, 148]
[161, 147]
[162, 147]
[161, 146]
[162, 146]
[161, 145]
[162, 145]
[161, 144]
[162, 144]
[161, 143]
[162, 143]
[161, 142]
[162, 142]
[161, 141]
[162, 141]
[161, 140]
[162, 140]
[161, 139]
[162, 139]
[161, 138]
[162, 138]
[161, 137]
[162, 137]
[161, 136]
[162, 136]
[161, 135]
[162, 135]
[161, 134]
[162, 134]
[161, 133]
[162, 133]
[161, 132]
[162, 132]
[161, 131]
[162, 131]
[161, 130]
[162, 130]
[161, 129]
[162, 129]
[161, 128]
[162, 128]
[161, 127]
[162, 127]
[161, 126]
[162, 126]
[161, 125]
[162, 125]
[161, 124]
[162, 124]
[161, 123]
[162, 123]
[161, 122]
[162, 122]
[161, 121]
[162, 121]
[162, 120]
[161, 119]
[162, 119]
[161, 118]
[162, 118]
[161, 117]
[162, 117]
[161, 116]
[162, 116]
[161, 115]
[162, 115]
[161, 114]
[162, 114]
[161, 113]
[162, 113]
[161, 112]
[162, 112]
[161, 111]
[162, 111]
[161, 110]
[162, 110]
[161, 109]
[162, 110]
[161, 109]
[162, 109]
[161, 108]
[162, 108]
[161, 107]
[162, 107]
[161, 106]
[162, 106]
[161, 105]
[162, 105]
[161, 104]
[162, 104]
[161, 103]
[162, 103]
[161, 102]
[162, 103]
[161, 102]
[162, 102]
[161, 101]
[162, 101]
[161, 100]
[162, 100]
[161, 99]
[161, 100]
[162, 100]
[161, 99]
[162, 99]
[161, 98]
[162, 98]
[161, 97]
[162, 97]
[161, 96]
[162, 96]
