[276, 99]
[277, 98]
[276, 97]
[275, 96]
[274, 95]
[273, 94]
[272, 93]
[271, 92]
[270, 91]
[269, 90]
[268, 89]
[267, 88]
[266, 87]
[265, 86]
[264, 85]
[263, 84]
[262, 83]
[261, 82]
[260, 81]
[259, 80]
[260, 81]
[259, 80]
[260, 81]
[259, 80]
[260, 81]
[259, 80]
[260, 81]
[259, 80]
[260, 81]
[259, 80]
[260, 81]
[259, 80]
[260, 81]
[259, 80]
[260, 81]
[259, 80]
[260, 81]
[259, 80]
[258, 79]
[259, 80]
[260, 81]
[259, 80]
[260, 81]
[259, 80]
[260, 80]
[261, 81]
[260, 80]
[261, 81]
[260, 80]
[261, 81]
[260, 80]
[261, 81]
[260, 80]
[261, 81]
[262, 82]
[262, 83]
[261, 82]
[260, 81]
[259, 80]
[259, 79]
[260, 80]
[261, 81]
[260, 80]
[260, 79]
[261, 80]
[262, 81]
[261, 80]
[262, 81]
[261, 80]
[262, 81]
[261, 80]
[262, 81]
[261, 80]
[262, 81]
[261, 80]
[262, 81]
[261, 80]
[262, 81]
[261, 80]
[262, 81]
[261, 80]
[262, 81]
[261, 80]
[262, 81]
[261, 80]
[260, 80]
[261, 81]
[260, 80]
[261, 81]
[260, 80]
[261, 81]
[260, 80]
[261, 79]
[262, 78]
[263, 79]
[264, 80]
[265, 81]
[264, 80]
[265, 81]
[264, 80]
[265, 81]
[264, 80]
[265, 81]
[264, 80]
[265, 81]
[264, 80]
[265, 81]
[264, 80]
[265, 81]
[264, 80]
[265, 81]
[264, 80]
[265, 81]
[264, 80]
[265, 81]
[266, 82]
[265, 81]
[264, 80]
[265, 81]
[264, 80]
[265, 81]
[264, 80]
[265, 81]
[264, 80]
[265, 81]
[264, 80]
[265, 81]
[264, 80]
[265, 81]
[264, 80]
[265, 81]
[264, 80]
[263, 79]
[264, 80]
[265, 81]
[264, 80]
[263, 79]
[264, 80]
[265, 81]
[264, 80]
[265, 81]
[264, 80]
[264, 79]
[265, 80]
[266, 81]
[265, 80]
[266, 81]
[267, 81]
[266, 80]
[267, 81]
[266, 80]
[267, 81]
[266, 80]
[267, 81]
[266, 80]
[267, 81]
[266, 80]
[267, 81]
[266, 80]
[267, 81]
[266, 80]
[267, 81]
[266, 80]
[267, 81]
[266, 80]
[267, 81]
[266, 80]
[267, 81]
[266, 80]
[267, 81]
[266, 80]
[267, 81]
[266, 80]
[267, 81]
[266, 80]
[267, 81]
[266, 80]
[267, 81]
[266, 80]
[267, 81]
[266, 80]
[267, 81]
[268, 81]
[267, 80]
[268, 81]
[267, 80]
[268, 81]
[267, 80]
[268, 81]
[267, 80]
[268, 81]
[269, 82]
[268, 82]
[267, 81]
[268, 82]
[267, 81]
[266, 80]
[267, 81]
[266, 80]
[267, 81]
[266, 80]
[266, 81]
[265, 80]
[266, 81]
[267, 80]
[268, 81]
[267, 80]
[266, 79]
[267, 80]
[268, 81]
[267, 80]
[268, 81]
[267, 80]
[268, 81]
[267, 80]
[268, 81]
[267, 80]
[268, 81]
[267, 80]
[268, 81]
[267, 80]
[268, 81]
[267, 80]
[268, 81]
[267, 80]
[268, 81]
[267, 80]
[268, 81]
[267, 80]
[268, 81]
[267, 80]
[268, 81]
[269, 81]
[268, 80]
[269, 81]
[268, 80]
[269, 81]
[268, 80]
[269, 81]
[268, 80]
[269, 81]
[268, 80]
[269, 81]
[268, 80]
[269, 81]
[268, 80]
[269, 81]
[268, 80]
[269, 81]
[268, 80]
[269, 81]
[268, 80]
[269, 81]
[268, 80]
[269, 81]
[268, 80]
[269, 81]
[268, 80]
[269, 81]
[268, 82]
[267, 81]
[266, 80]
[267, 81]
[266, 80]
[267, 81]
[266, 80]
[265, 80]
[264, 80]
[263, 80]
[262, 80]
[261, 80]
[260, 80]
[259, 80]
[258, 80]
[257, 80]
[256, 80]
[255, 80]
[254, 80]
[253, 80]
[252, 80]
[251, 80]
[250, 80]
[249, 80]
[248, 80]
[247, 80]
[246, 80]
[245, 81]
[244, 80]
[243, 80]
[242, 80]
[241, 80]
[240, 80]
[239, 80]
[238, 80]
[237, 80]
[236, 80]
[235, 80]
[234, 80]
[233, 80]
[232, 80]
[231, 80]
[230, 80]
[229, 80]
[228, 80]
[227, 80]
[226, 80]
[225, 80]
[224, 80]
[223, 80]
[222, 80]
[221, 80]
[220, 80]
[219, 80]
[218, 80]
[217, 80]
[216, 80]
[215, 80]
[214, 80]
[213, 80]
[212, 80]
[211, 80]
[210, 80]
[209, 80]
[208, 80]
[207, 80]
[206, 80]
[205, 80]
[204, 80]
[203, 80]
[202, 80]
[201, 80]
[200, 80]
[199, 80]
[198, 80]
[197, 80]
[196, 80]
[195, 80]
[194, 80]
[193, 80]
[192, 80]
[191, 80]
[190, 80]
[189, 80]
[190, 80]
[189, 80]
[188, 80]
[187, 80]
[186, 80]
[185, 81]
[184, 80]
[185, 80]
[184, 80]
[183, 80]
[182, 80]
[181, 80]
[180, 80]
[179, 80]
[178, 80]
[177, 80]
[176, 80]
[175, 80]
[174, 80]
[173, 80]
[172, 80]
[171, 80]
[170, 80]
[169, 80]
[169, 79]
[168, 79]
[167, 79]
[166, 79]
[165, 79]
[164, 78]
[163, 78]
[162, 78]
[161, 78]
[160, 78]
[159, 78]
[159, 79]
[158, 79]
[157, 79]
[157, 78]
[156, 78]
[155, 79]
[154, 80]
[153, 80]
[152, 80]
[151, 80]
[150, 80]
[149, 80]
[148, 80]
[147, 80]
[146, 80]
[145, 80]
[144, 80]
[143, 80]
[142, 80]
[141, 80]
[140, 80]
[139, 80]
[138, 80]
[139, 79]
[138, 79]
[137, 79]
[136, 79]
[136, 78]
[135, 78]
[134, 78]
[133, 78]
[132, 78]
[131, 78]
[130, 78]
[129, 78]
[128, 78]
[127, 78]
[126, 78]
[125, 78]
[124, 78]
[125, 77]
[124, 77]
[123, 77]
[122, 77]
[121, 77]
[120, 77]
[119, 78]
[118, 78]
[117, 78]
[116, 78]
[115, 78]
[114, 78]
[114, 77]
[113, 77]
[112, 77]
[111, 77]
[110, 77]
[109, 77]
[108, 77]
[107, 77]
[106, 77]
[105, 76]
[104, 76]
[103, 76]
[102, 76]
[101, 76]
[100, 76]
[99, 76]
[98, 75]
[97, 75]
[96, 75]
[95, 75]
[94, 75]
[93, 75]
[92, 75]
[91, 75]
[90, 75]
[89, 75]
[88, 75]
[87, 75]
[86, 75]
[85, 75]
[84, 75]
[83, 75]
[82, 74]
[81, 74]
[80, 74]
[79, 74]
[78, 74]
[77, 74]
[76, 74]
[75, 74]
[74, 74]
[73, 74]
[72, 74]
[71, 74]
[70, 74]
[69, 74]
[68, 74]
[67, 74]
[66, 74]
[67, 75]
[66, 75]
[65, 75]
[64, 75]
[63, 75]
[62, 75]
[61, 75]
[61, 74]
[60, 74]
[59, 74]
[58, 74]
[57, 74]
[56, 74]
[55, 74]
[54, 74]
[53, 74]
[52, 74]
[51, 74]
[52, 74]
[51, 74]
[50, 74]
[49, 74]
[48, 74]
[47, 74]
[46, 74]
[45, 74]
[44, 74]
[43, 74]
[42, 74]
[43, 74]
[42, 74]
[41, 74]
[40, 74]
[39, 74]
[38, 74]
[38, 73]
[37, 73]
[36, 73]
[35, 73]
[34, 73]
[33, 73]
[32, 73]
[32, 72]
[32, 71]
[32, 70]
[32, 69]
[32, 68]
[32, 67]
[32, 66]
[32, 65]
[32, 64]
[32, 63]
[32, 62]
[32, 61]
[32, 60]
[32, 59]
[32, 58]
[32, 57]
[32, 56]
[32, 55]
[32, 54]
[32, 53]
[32, 52]
[32, 51]
[32, 50]
[32, 49]
[32, 48]
[32, 47]
[32, 46]
[32, 45]
[32, 44]
[32, 43]
[32, 42]
[32, 41]
[32, 40]
[32, 39]
[32, 38]
[32, 37]
[31, 38]
[31, 37]
[31, 36]
[31, 35]
[31, 34]
[31, 33]
[31, 32]
[31, 31]
[31, 30]
[31, 29]
[31, 28]
[31, 27]
[31, 26]
[31, 25]
[31, 24]
[31, 23]
[30, 22]
[30, 21]
[30, 20]
[30, 19]
[30, 18]
[30, 17]
[30, 16]
[30, 15]
[30, 14]
[30, 13]
[30, 12]
[30, 11]
[30, 10]
[30, 9]
[30, 8]
[30, 7]
[30, 6]
[30, 5]
[30, 4]
[29, 3]
[29, 2]
[29, 1]
[29, 1]
[29, 1]
[29, 1]
[28, 1]
[28, 1]
[28, 1]
[28, 1]
[28, 2]
[28, 1]
[28, 1]
[28, 1]
[28, 1]
[28, 1]
[28, 1]
[28, 1]
[28, 1]
[28, 1]
[28, 1]
[28, 1]
[28, 1]
[28, 1]
[29, 1]
[29, 1]
[29, 1]
[29, 1]
[29, 1]
[29, 1]
[29, 1]
[29, 1]
[29, 1]
[29, 1]
[29, 1]
[30, 2]
[30, 1]
[30, 1]
[29, 1]
[29, 1]
[29, 1]
[28, 1]
[28, 1]
[28, 1]
[28, 1]
[28, 1]
[28, 1]
[28, 1]
[28, 1]
[28, 1]
[28, 1]
[28, 1]
[28, 1]
[28, 1]
[28, 1]
[28, 1]
[28, 1]
[28, 1]
[28, 1]
[28, 1]
[28, 1]
[28, 1]
[28, 1]
[28, 1]
[28, 1]
[29, 2]
[29, 1]
[29, 1]
[29, 1]
[29, 1]
[29, 1]
[29, 1]
[29, 1]
[29, 1]
[29, 1]
[29, 1]
[29, 1]
[29, 1]
[29, 1]
[29, 1]
[29, 1]
[29, 1]
[29, 1]
[29, 1]
[29, 1]
[28, 1]
[28, 2]
[28, 1]
[28, 1]
[28, 1]
[28, 1]
[28, 1]
[28, 1]
[28, 1]
[29, 1]
[29, 1]
[29, 1]
[29, 1]
[29, 1]
[29, 1]
[29, 1]
[29, 1]
[29, 1]
[29, 1]
[29, 1]
[29, 1]
[29, 1]
[29, 1]
[29, 1]
[29, 1]
[29, 1]
[29, 1]
[29, 1]
[29, 1]
[29, 1]
[29, 1]
[29, 1]
[29, 1]
[29, 1]
[29, 1]
[29, 1]
[29, 1]
[29, 1]
[29, 1]
[29, 1]
[29, 1]
[29, 1]
[29, 1]
[29, 1]
[29, 1]
[29, 1]
[29, 1]
[29, 1]
[29, 1]
[29, 1]
[29, 1]
[29, 1]
[29, 1]
[29, 1]
[29, 1]
[29, 1]
[29, 1]
[29, 1]
[29, 1]
[30, 1]
[30, 1]
[30, 1]
[30, 1]
[30, 1]
[30, 1]
[30, 1]
[30, 1]
[30, 1]
[30, 1]
[29, 1]
[29, 1]
[29, 1]
[29, 1]
[29, 1]
[29, 1]
[29, 1]
[29, 1]
[29, 1]
[29, 1]
[29, 1]
[29, 1]
[29, 1]
[29, 1]
[28, 2]
[28, 1]
[28, 1]
[28, 1]
[28, 1]
[28, 1]
[28, 1]
[28, 1]
[28, 1]
[28, 1]
[28, 1]
[28, 1]
[27, 2]
[27, 1]
[27, 1]
[27, 1]
[28, 1]
[28, 1]
[28, 1]
[28, 1]
[28, 1]
[28, 1]
[28, 1]
[29, 1]
[29, 1]
[29, 1]
[30, 1]
[31, 1]
[31, 1]
[31, 1]
[31, 1]
[31, 1]
[31, 1]
[31, 1]
[31, 1]
[31, 1]
[31, 1]
[31, 1]
[31, 1]
[31, 1]
[31, 1]
[31, 1]
[31, 1]
[31, 1]
[31, 1]
[31, 1]
[31, 1]
[31, 1]
[31, 1]
[31, 1]
[31, 1]
[31, 1]
[31, 1]
[31, 1]
[31, 1]
[31, 1]
[31, 1]
[30, 2]
[30, 1]
[29, 2]
[29, 1]
[28, 2]
[28, 1]
[28, 1]
[28, 1]
[28, 1]
[28, 1]
[28, 1]
[28, 1]
[28, 1]
[28, 1]
[28, 1]
[28, 1]
[28, 1]
[28, 1]
[28, 1]
[28, 1]
[28, 1]
[28, 1]
[28, 1]
[28, 1]
[28, 1]
[28, 1]
[28, 1]
[28, 1]
[28, 1]
[28, 1]
[28, 1]
[28, 1]
[28, 1]
[28, 1]
[28, 1]
[28, 1]
[28, 1]
[28, 1]
[29, 1]
[29, 1]
[29, 1]
[29, 1]
[29, 1]
[29, 1]
[29, 1]
[29, 1]
[29, 1]
[29, 2]
[29, 1]
[29, 1]
[29, 1]
[29, 2]
[29, 1]
[29, 1]
[29, 1]
[29, 1]
[29, 1]
[28, 1]
[28, 1]
[28, 1]
[28, 1]
[28, 1]
[28, 1]
[28, 1]
[28, 1]
[28, 1]
[29, 1]
[29, 1]
[29, 1]
[29, 1]
[29, 1]
[29, 1]
[29, 1]
[28, 2]
[28, 1]
[28, 1]
[28, 1]
[28, 1]
[28, 1]
[28, 2]
[28, 3]
[28, 4]
[28, 5]
[28, 6]
[28, 7]
[28, 8]
[28, 9]
[28, 10]
[29, 10]
[29, 11]
[29, 12]
[29, 13]
[29, 14]
[29, 15]
[29, 16]
[29, 17]
[29, 18]
[29, 19]
[29, 20]
[29, 21]
[29, 22]
[29, 23]
[29, 24]
[29, 25]
[29, 26]
[29, 27]
[29, 28]
[29, 29]
[29, 30]
[29, 31]
[29, 32]
[29, 33]
[29, 34]
[29, 35]
[28, 35]
[28, 36]
[28, 37]
[28, 38]
[28, 39]
[28, 40]
[28, 41]
[28, 42]
[28, 43]
[28, 44]
[28, 45]
[28, 46]
[28, 47]
[28, 48]
[28, 49]
[28, 50]
[28, 51]
[28, 52]
[28, 53]
[28, 54]
[28, 53]
[28, 54]
[28, 55]
[28, 56]
[27, 56]
[27, 57]
[27, 58]
[27, 59]
[27, 60]
[28, 61]
[28, 62]
[28, 63]
[28, 64]
[28, 65]
[28, 66]
[28, 67]
[28, 68]
[28, 69]
[28, 70]
[28, 71]
[29, 72]
[29, 73]
[29, 74]
[29, 75]
[28, 74]
[28, 75]
[28, 76]
[29, 76]
[29, 77]
[29, 78]
[29, 79]
[29, 80]
[29, 81]
[30, 80]
[30, 81]
[31, 80]
[31, 81]
[32, 80]
[32, 81]
[33, 80]
[33, 81]
[34, 80]
[34, 81]
[33, 81]
[34, 80]
[34, 81]
[35, 80]
[35, 81]
[36, 80]
[36, 81]
[37, 80]
[37, 81]
[38, 80]
[38, 81]
[39, 80]
[40, 81]
[41, 80]
[42, 81]
[43, 80]
[44, 81]
[45, 80]
[46, 80]
[47, 81]
[48, 80]
[49, 81]
[50, 80]
[51, 81]
[52, 80]
[53, 81]
[53, 80]
[54, 81]
[54, 82]
[55, 81]
[56, 80]
[57, 81]
[58, 80]
[59, 81]
[60, 80]
[61, 81]
[62, 80]
[63, 81]
[64, 80]
[65, 81]
[66, 80]
[67, 81]
[68, 80]
[69, 81]
[70, 80]
[71, 81]
[72, 80]
[73, 81]
[74, 80]
[73, 79]
[74, 80]
[75, 81]
[76, 80]
[77, 81]
[78, 80]
[79, 81]
[80, 80]
[81, 81]
[82, 80]
[81, 80]
[82, 81]
[83, 80]
[84, 81]
[85, 80]
[86, 81]
[87, 80]
[88, 81]
[89, 80]
[90, 81]
[91, 80]
[92, 81]
[93, 80]
[94, 81]
[95, 80]
[95, 79]
[96, 80]
[95, 80]
[96, 81]
[97, 80]
[98, 81]
[99, 80]
[100, 81]
[101, 80]
[102, 81]
[103, 80]
[104, 81]
[105, 80]
[106, 81]
[107, 80]
[108, 81]
[109, 80]
[110, 81]
[111, 80]
[112, 81]
[113, 80]
[114, 81]
[115, 80]
[116, 81]
[117, 80]
[118, 81]
[119, 80]
[120, 81]
[121, 80]
[122, 81]
[122, 82]
[123, 81]
[124, 80]
[125, 81]
[126, 80]
[127, 81]
[128, 80]
[129, 81]
[130, 80]
[131, 81]
[132, 80]
[133, 81]
[134, 80]
[135, 81]
[136, 80]
[137, 81]
[138, 80]
[139, 81]
[140, 80]
[141, 81]
[142, 80]
[143, 81]
[144, 80]
[143, 79]
[142, 78]
[141, 77]
[140, 76]
[139, 75]
[138, 74]
[137, 73]
[136, 72]
[135, 71]
[134, 70]
[133, 69]
[132, 68]
[131, 67]
[130, 66]
[129, 65]
[128, 64]
[127, 63]
[126, 62]
[125, 61]
[124, 60]
[123, 59]
[122, 58]
[121, 57]
[120, 56]
[119, 55]
[118, 54]
[117, 53]
[116, 52]
[115, 51]
[114, 50]
[113, 49]
[112, 48]
[111, 47]
[110, 46]
[109, 45]
[108, 44]
[107, 43]
[106, 42]
[105, 41]
[105, 42]
[104, 42]
[103, 41]
[102, 40]
[101, 39]
[100, 38]
[99, 37]
[98, 36]
[97, 35]
[96, 34]
[95, 33]
[94, 33]
[93, 33]
[92, 33]
[91, 33]
[90, 33]
[89, 33]
[88, 33]
[87, 33]
[86, 33]
[85, 33]
[84, 33]
[83, 34]
[82, 35]
[81, 35]
[80, 35]
[79, 35]
[78, 35]
[77, 35]
[76, 35]
[75, 35]
[74, 35]
[73, 35]
[72, 35]
[71, 35]
[71, 36]
[70, 36]
[69, 36]
[68, 36]
[67, 36]
[66, 36]
[65, 36]
[64, 36]
[63, 36]
[62, 36]
[61, 36]
[61, 37]
[60, 37]
[59, 37]
[58, 37]
[57, 37]
[56, 37]
[55, 37]
[54, 37]
[53, 37]
[52, 37]
[51, 37]
[50, 37]
[49, 37]
[48, 37]
[49, 36]
[48, 36]
[47, 36]
[46, 36]
[45, 36]
[44, 36]
[44, 37]
[45, 38]
[45, 39]
[45, 40]
[46, 39]
[46, 40]
[45, 41]
[45, 42]
[46, 41]
[47, 41]
[47, 42]
[47, 43]
[46, 43]
[46, 44]
[46, 45]
[45, 45]
[45, 46]
[45, 47]
[45, 48]
[45, 49]
[45, 50]
[45, 51]
[44, 50]
[43, 51]
[43, 52]
[43, 53]
[43, 54]
[43, 55]
[43, 56]
[43, 57]
[43, 58]
[43, 59]
[43, 60]
[43, 61]
[43, 62]
[43, 63]
[43, 64]
[43, 65]
[43, 66]
[43, 67]
[43, 68]
[43, 69]
[43, 70]
[43, 71]
[43, 72]
[43, 73]
[43, 74]
[42, 73]
[42, 74]
[42, 75]
[42, 76]
[42, 77]
[42, 78]
[42, 79]
[42, 80]
[42, 81]
[43, 80]
[43, 81]
[44, 80]
[44, 81]
[45, 80]
[45, 81]
[46, 80]
[46, 81]
[47, 80]
[47, 81]
[48, 80]
[48, 81]
[49, 80]
[49, 81]
[50, 80]
[50, 81]
[49, 80]
[49, 81]
[50, 80]
[51, 80]
[51, 81]
[52, 80]
[52, 81]
[53, 80]
[53, 81]
[54, 80]
[54, 81]
[55, 80]
[55, 81]
[56, 80]
[56, 79]
[56, 80]
[56, 81]
[57, 80]
[57, 81]
[58, 80]
[58, 81]
[59, 80]
[59, 81]
[60, 80]
[60, 81]
[61, 80]
[62, 79]
[62, 80]
[63, 80]
[63, 81]
[64, 80]
[64, 81]
[65, 80]
[65, 81]
[66, 80]
[66, 81]
[67, 80]
[67, 81]
[68, 80]
[68, 81]
[69, 80]
[69, 81]
[70, 80]
[70, 81]
[71, 80]
[71, 81]
[72, 80]
[72, 81]
[73, 80]
[73, 81]
[74, 80]
[74, 81]
[75, 80]
[75, 81]
[76, 80]
[76, 81]
[77, 80]
[77, 81]
[78, 80]
[78, 81]
[79, 82]
[80, 81]
[81, 80]
[81, 81]
[82, 80]
[82, 81]
[83, 80]
[83, 81]
[84, 80]
[84, 79]
[84, 80]
[84, 81]
[85, 80]
[85, 81]
[86, 80]
[86, 81]
[87, 80]
[87, 81]
[88, 80]
[88, 81]
[89, 80]
[89, 81]
[90, 80]
[90, 81]
[91, 80]
[91, 81]
[92, 80]
[92, 81]
[93, 80]
[94, 81]
[95, 80]
[95, 81]
[96, 80]
[96, 81]
[96, 82]
[97, 81]
[98, 80]
[98, 81]
[99, 80]
[100, 80]
[100, 81]
[101, 80]
[101, 81]
[102, 80]
[102, 81]
[103, 81]
[104, 80]
[104, 81]
[105, 80]
[105, 81]
[106, 80]
[106, 81]
[107, 80]
[107, 81]
[108, 80]
[108, 81]
[109, 80]
[109, 81]
[110, 80]
[110, 81]
[111, 80]
[111, 81]
[112, 80]
[112, 81]
[113, 80]
[113, 81]
[114, 80]
[114, 81]
[115, 80]
[115, 81]
[116, 80]
[116, 81]
[117, 80]
[118, 81]
[119, 80]
[120, 81]
[121, 80]
[122, 81]
[122, 80]
[123, 81]
[123, 80]
[124, 81]
[124, 80]
[123, 81]
[123, 80]
[124, 81]
[124, 80]
[125, 81]
[125, 80]
[126, 81]
[126, 80]
[127, 81]
[127, 80]
[128, 81]
[128, 80]
[129, 81]
[129, 80]
[130, 81]
[130, 80]
[131, 81]
[131, 80]
[132, 81]
[132, 80]
[133, 81]
[133, 80]
[134, 81]
[135, 80]
[134, 81]
[134, 80]
[135, 81]
[135, 80]
[136, 81]
[136, 80]
[136, 81]
[136, 80]
[137, 81]
[137, 80]
[138, 81]
[138, 80]
[139, 81]
[139, 80]
[140, 81]
[139, 82]
[139, 81]
[139, 80]
[140, 81]
[140, 80]
[141, 81]
[141, 80]
[142, 81]
[142, 80]
[143, 81]
[143, 80]
[144, 81]
[144, 80]
[145, 81]
[145, 80]
[146, 81]
[146, 80]
[147, 81]
[147, 80]
[148, 81]
[148, 80]
[149, 81]
[149, 80]
[150, 81]
[150, 80]
[151, 81]
[151, 80]
[152, 81]
