[259, 46]
[258, 45]
[257, 44]
[256, 43]
[257, 43]
[256, 42]
[255, 41]
[254, 40]
[253, 39]
[252, 38]
[251, 37]
[250, 36]
[249, 35]
[248, 34]
[247, 33]
[246, 32]
[245, 31]
[244, 30]
[243, 29]
[242, 28]
[241, 27]
[240, 26]
[239, 25]
[238, 24]
[237, 23]
[236, 22]
[235, 21]
[234, 20]
[233, 19]
[232, 18]
[231, 17]
[230, 16]
[229, 15]
[228, 14]
[227, 13]
[226, 12]
[225, 11]
[224, 10]
[223, 9]
[222, 8]
[221, 7]
[220, 6]
[219, 5]
[218, 4]
[219, 3]
[219, 4]
[218, 3]
[217, 2]
[216, 1]
[215, 1]
[214, 1]
[213, 1]
[212, 1]
[211, 1]
[211, 2]
[210, 1]
[209, 1]
[208, 1]
[207, 1]
[206, 1]
[205, 1]
[204, 1]
[203, 1]
[202, 1]
[201, 1]
[200, 1]
[199, 1]
[198, 1]
[197, 1]
[196, 1]
[195, 1]
[194, 1]
[193, 1]
[192, 1]
[191, 1]
[190, 1]
[189, 2]
[188, 1]
[187, 1]
[186, 1]
[185, 1]
[184, 1]
[183, 1]
[182, 1]
[183, 2]
[182, 1]
[181, 1]
[180, 1]
[179, 1]
[178, 1]
[177, 1]
[176, 1]
[175, 1]
[174, 1]
[173, 1]
[172, 1]
[171, 1]
[170, 1]
[169, 1]
[168, 1]
[167, 1]
[166, 1]
[165, 1]
[164, 1]
[163, 1]
[164, 1]
[163, 1]
[162, 1]
[161, 1]
[160, 1]
[159, 1]
[158, 1]
[157, 1]
[156, 1]
[155, 1]
[154, 1]
[153, 1]
[152, 1]
[151, 1]
[150, 1]
[149, 1]
[148, 1]
[147, 1]
[146, 1]
[145, 1]
[144, 1]
[143, 1]
[142, 1]
[141, 1]
[142, 2]
[141, 1]
[140, 1]
[140, 2]
[139, 1]
[138, 1]
[137, 1]
[136, 1]
[135, 1]
[134, 1]
[133, 1]
[132, 1]
[131, 1]
[132, 1]
[131, 1]
[130, 1]
[129, 1]
[128, 1]
[127, 1]
[126, 1]
[125, 1]
[124, 1]
[123, 1]
[122, 1]
[121, 1]
[120, 1]
[119, 1]
[118, 1]
[117, 1]
[118, 2]
[117, 1]
[118, 2]
[117, 1]
[118, 2]
[117, 1]
[118, 2]
[117, 1]
[118, 2]
[118, 1]
[118, 1]
[117, 1]
[118, 2]
[117, 1]
[118, 2]
[117, 2]
[118, 3]
[117, 2]
[118, 3]
[117, 2]
[118, 3]
[117, 2]
[118, 3]
[117, 2]
[118, 3]
[117, 2]
[118, 3]
[117, 2]
[118, 3]
[117, 2]
[118, 3]
[117, 2]
[118, 3]
[119, 3]
[118, 2]
[117, 1]
[116, 2]
[117, 3]
[118, 4]
[117, 3]
[116, 4]
[117, 5]
[118, 6]
[117, 5]
[118, 6]
[117, 5]
[118, 6]
[119, 7]
[118, 6]
[117, 5]
[118, 6]
[117, 5]
[118, 6]
[117, 5]
[118, 6]
[117, 5]
[118, 6]
[117, 5]
[118, 6]
[117, 5]
[118, 6]
[117, 5]
[118, 6]
[118, 5]
[117, 4]
[118, 5]
[117, 4]
[118, 5]
[117, 4]
[118, 5]
[117, 4]
[118, 5]
[117, 4]
[118, 5]
[117, 4]
[116, 4]
[115, 4]
[114, 4]
[113, 5]
[112, 5]
[111, 5]
[110, 5]
[109, 5]
[108, 5]
[107, 5]
[106, 5]
[105, 5]
[104, 5]
[103, 5]
[102, 5]
[101, 5]
[100, 6]
[99, 6]
[98, 6]
[97, 6]
[96, 6]
[95, 6]
[94, 6]
[93, 6]
[94, 6]
[93, 6]
[92, 6]
[91, 6]
[90, 6]
[89, 6]
[88, 6]
[87, 6]
[86, 6]
[85, 6]
[84, 7]
[83, 7]
[82, 7]
[81, 7]
[80, 7]
[79, 7]
[78, 7]
[77, 7]
[76, 7]
[77, 7]
[76, 7]
[75, 7]
[76, 8]
[75, 9]
[75, 10]
[74, 10]
[73, 10]
[72, 10]
[71, 10]
[70, 11]
[69, 11]
[68, 11]
[67, 11]
[66, 11]
[65, 11]
[64, 11]
[63, 11]
[62, 11]
[61, 11]
[60, 11]
[59, 11]
[58, 11]
[57, 11]
[56, 11]
[55, 11]
[54, 11]
[53, 11]
[52, 11]
[51, 11]
[50, 11]
[49, 11]
[48, 11]
[47, 11]
[46, 11]
[45, 11]
[44, 11]
[43, 11]
[42, 11]
[41, 11]
[42, 11]
[41, 11]
[40, 11]
[39, 11]
[38, 11]
[37, 11]
[38, 10]
[37, 10]
[36, 10]
[35, 10]
[34, 10]
[33, 10]
[32, 10]
[31, 10]
[30, 10]
[29, 10]
[28, 10]
[27, 10]
[26, 10]
[25, 10]
[24, 10]
[23, 10]
[22, 10]
[21, 10]
[20, 10]
[19, 10]
[18, 10]
[17, 10]
[16, 10]
[15, 10]
[14, 10]
[13, 10]
[12, 10]
[11, 10]
[10, 10]
[9, 10]
[8, 10]
[7, 10]
[6, 11]
[5, 11]
[4, 11]
[3, 11]
[2, 11]
[2, 10]
[1, 10]
[1, 10]
[2, 9]
[1, 9]
[1, 9]
[1, 9]
[1, 9]
[1, 9]
[1, 9]
[1, 9]
[1, 9]
[1, 9]
[1, 9]
[1, 9]
[1, 9]
[1, 9]
[1, 9]
[1, 9]
[1, 9]
[1, 9]
[1, 9]
[1, 9]
[1, 9]
[1, 9]
[1, 9]
[1, 9]
[1, 9]
[1, 9]
[2, 10]
[1, 10]
[1, 10]
[1, 10]
[1, 10]
[1, 10]
[1, 10]
[1, 10]
[1, 10]
[1, 10]
[1, 10]
[1, 10]
[1, 10]
[1, 10]
[1, 10]
[1, 10]
[1, 10]
[2, 11]
[1, 11]
[1, 11]
[1, 11]
[1, 11]
[1, 11]
[1, 11]
[1, 11]
[1, 10]
[1, 10]
[1, 10]
[1, 10]
[1, 10]
[1, 10]
[1, 10]
[1, 10]
[1, 10]
[1, 10]
[1, 10]
[1, 11]
[1, 11]
[1, 11]
[2, 11]
[3, 11]
[4, 11]
[5, 11]
[6, 11]
[7, 11]
[8, 11]
[9, 11]
[10, 11]
[11, 11]
[12, 11]
[13, 11]
[14, 11]
[15, 11]
[16, 11]
[17, 11]
[17, 10]
[18, 10]
[19, 10]
[20, 10]
[21, 10]
[22, 10]
[23, 10]
[24, 10]
[25, 10]
[26, 10]
[27, 10]
[28, 10]
[29, 10]
[30, 10]
[31, 10]
[32, 10]
[33, 10]
[34, 10]
[35, 10]
[36, 10]
[37, 10]
[38, 9]
[39, 9]
[40, 9]
[41, 9]
[42, 9]
[43, 9]
[44, 9]
[45, 9]
[46, 9]
[47, 9]
[48, 9]
[49, 9]
[50, 9]
[51, 9]
[52, 9]
[53, 10]
[54, 10]
[55, 10]
[56, 10]
[57, 10]
[58, 10]
[59, 10]
[59, 11]
[60, 11]
[61, 11]
[62, 11]
[63, 11]
[64, 11]
[65, 11]
[66, 11]
[67, 11]
[68, 11]
[69, 11]
[70, 11]
[71, 11]
[72, 11]
[73, 11]
[72, 11]
[73, 11]
[74, 11]
[75, 11]
[76, 11]
[77, 11]
[78, 11]
[77, 11]
[78, 11]
[79, 11]
[80, 11]
[81, 11]
[82, 11]
[83, 11]
[84, 11]
[85, 11]
[86, 11]
[87, 11]
[88, 11]
[89, 11]
[90, 11]
[91, 11]
[92, 11]
[93, 11]
[93, 10]
[94, 10]
[95, 10]
[96, 10]
[97, 10]
[98, 10]
[99, 10]
[100, 10]
[101, 10]
[102, 10]
[103, 10]
[104, 10]
[105, 10]
[106, 10]
[107, 10]
[108, 10]
[109, 10]
[110, 10]
[111, 10]
[112, 10]
[113, 10]
[114, 9]
[115, 9]
[116, 9]
[117, 9]
[118, 9]
[117, 8]
[118, 8]
[117, 7]
[118, 8]
[117, 7]
[116, 7]
[117, 7]
[118, 7]
[117, 6]
[117, 7]
[118, 7]
[117, 6]
[118, 6]
[117, 5]
[118, 5]
[117, 4]
[118, 4]
[117, 3]
[118, 3]
[117, 2]
[118, 2]
[117, 1]
[118, 1]
[117, 1]
[118, 1]
[117, 1]
[117, 2]
[118, 2]
[117, 1]
[118, 1]
[117, 1]
[118, 1]
[117, 1]
[118, 1]
[117, 1]
[118, 1]
[117, 1]
[118, 1]
[117, 1]
[118, 1]
[117, 1]
[118, 1]
[117, 2]
[118, 2]
[118, 1]
[117, 1]
[118, 1]
[117, 1]
[118, 1]
[117, 1]
[118, 1]
[117, 1]
[118, 1]
[117, 1]
[118, 1]
[117, 1]
[118, 1]
[117, 1]
[118, 1]
[117, 1]
[118, 1]
[117, 1]
[118, 1]
[117, 1]
[118, 1]
[117, 1]
[118, 1]
[117, 1]
[118, 1]
[117, 1]
[118, 1]
[117, 1]
[118, 1]
[117, 1]
[116, 1]
[117, 1]
[118, 1]
[117, 1]
[118, 1]
[117, 1]
[118, 1]
[117, 1]
[118, 1]
[117, 1]
[118, 1]
[117, 1]
[118, 1]
[117, 1]
[118, 1]
[117, 1]
[118, 1]
[117, 1]
[118, 1]
[117, 1]
[118, 1]
[117, 1]
[118, 1]
[119, 2]
[118, 1]
[117, 1]
[118, 1]
[117, 1]
[118, 1]
[117, 1]
[118, 1]
[117, 1]
[118, 1]
[117, 1]
[118, 1]
[117, 1]
[118, 1]
[117, 1]
[118, 1]
[117, 1]
[118, 1]
[117, 1]
[118, 1]
[117, 1]
[118, 1]
[117, 1]
[118, 1]
[117, 1]
[118, 1]
[117, 1]
[118, 1]
[117, 1]
[118, 1]
[117, 1]
[118, 1]
[117, 1]
[118, 1]
[119, 1]
[118, 1]
[117, 1]
[118, 1]
[117, 1]
[118, 1]
[117, 1]
[118, 1]
[117, 1]
[118, 1]
[118, 2]
[117, 1]
[118, 1]
[117, 1]
[118, 1]
[117, 1]
[118, 1]
[117, 1]
[118, 1]
[117, 1]
[118, 1]
[117, 1]
[118, 1]
[117, 1]
[118, 1]
[117, 1]
[118, 1]
[117, 1]
[118, 1]
[117, 1]
[118, 1]
[117, 1]
[118, 1]
[117, 1]
[118, 1]
[117, 1]
[118, 1]
[117, 1]
[118, 1]
[117, 1]
[118, 1]
[117, 1]
[118, 1]
[117, 1]
[118, 1]
[117, 1]
[118, 1]
[117, 1]
[118, 1]
[117, 1]
[118, 1]
[117, 1]
[118, 1]
[117, 1]
[118, 1]
[117, 1]
[118, 1]
[117, 1]
[118, 1]
[117, 1]
[118, 1]
[117, 1]
[118, 1]
[118, 1]
[117, 1]
[118, 1]
[117, 1]
[118, 1]
[117, 1]
[118, 1]
[117, 1]
[118, 1]
[119, 1]
[118, 1]
[117, 1]
[118, 1]
[117, 1]
[118, 1]
[117, 1]
[118, 1]
[117, 1]
[118, 1]
[117, 1]
[118, 1]
[117, 1]
[118, 1]
[117, 1]
[118, 1]
[117, 1]
[118, 1]
[117, 1]
[118, 1]
[117, 1]
[118, 1]
[117, 1]
[118, 1]
[117, 1]
[118, 1]
[117, 1]
[118, 1]
[117, 1]
[116, 2]
[117, 2]
[118, 2]
[117, 1]
[118, 1]
[117, 1]
[118, 1]
[117, 1]
[118, 1]
[117, 1]
[118, 1]
[117, 1]
[118, 1]
[117, 1]
[116, 1]
[117, 1]
[118, 1]
[117, 1]
[118, 1]
[117, 1]
[118, 1]
[117, 1]
[118, 1]
[117, 1]
[118, 1]
[117, 1]
[118, 1]
[117, 1]
[118, 1]
[117, 1]
[118, 1]
[117, 1]
[118, 1]
[117, 1]
[118, 1]
[117, 1]
[118, 1]
[117, 1]
[118, 1]
[117, 1]
[118, 1]
[117, 1]
[118, 1]
[117, 1]
[118, 1]
[117, 1]
[118, 1]
[117, 1]
[118, 1]
[117, 1]
[118, 1]
[117, 1]
[118, 1]
[117, 1]
[117, 2]
[117, 3]
[117, 4]
[117, 5]
[117, 6]
[117, 7]
[118, 6]
[117, 5]
[117, 6]
[117, 7]
[117, 8]
[118, 8]
[117, 7]
[117, 8]
[118, 9]
[117, 8]
[117, 9]
[117, 10]
[117, 11]
[117, 12]
[117, 11]
[116, 10]
[115, 9]
[114, 8]
[113, 7]
[112, 6]
[111, 5]
[110, 4]
[109, 3]
[108, 2]
[107, 1]
[106, 1]
[105, 1]
[104, 1]
[103, 1]
[102, 1]
[101, 1]
[100, 1]
[99, 1]
[99, 2]
[98, 1]
[97, 1]
[96, 1]
[95, 1]
[94, 1]
[93, 1]
[92, 1]
[91, 1]
[91, 2]
[90, 1]
[89, 1]
[88, 1]
[87, 1]
[86, 1]
[85, 1]
[84, 1]
[83, 1]
[82, 1]
[82, 2]
[81, 1]
[80, 2]
[79, 1]
[78, 1]
[77, 1]
[76, 1]
[75, 1]
[74, 1]
[73, 1]
[72, 1]
[71, 1]
[72, 2]
[71, 1]
[70, 1]
[69, 1]
[68, 1]
[68, 2]
[68, 3]
[68, 4]
[68, 5]
[68, 6]
[68, 7]
[68, 8]
[68, 9]
[68, 10]
[68, 11]
[68, 12]
[68, 11]
[68, 12]
[68, 11]
[68, 12]
[68, 11]
[68, 12]
[68, 11]
[68, 12]
[67, 11]
[67, 12]
[67, 11]
[67, 12]
[67, 11]
[67, 12]
[67, 11]
[67, 12]
[68, 13]
[68, 12]
[68, 11]
[68, 12]
[68, 11]
[68, 12]
[68, 11]
[68, 12]
[68, 11]
[68, 12]
[68, 11]
[68, 12]
[68, 11]
[68, 12]
[68, 11]
[68, 12]
[68, 11]
[68, 12]
[67, 11]
[67, 12]
[67, 11]
[67, 12]
[67, 11]
[67, 12]
[67, 11]
[67, 12]
[67, 11]
[67, 12]
[67, 11]
[67, 12]
[67, 11]
[68, 11]
[68, 12]
[68, 11]
[68, 12]
[68, 11]
[69, 12]
[69, 11]
[69, 12]
[69, 11]
[69, 12]
[69, 11]
[68, 12]
[68, 11]
[68, 12]
[67, 11]
[67, 12]
[67, 11]
[67, 12]
[67, 11]
[67, 12]
[67, 11]
[67, 12]
[67, 11]
[67, 12]
[68, 12]
[68, 11]
[68, 12]
[68, 11]
[68, 12]
[68, 11]
[68, 12]
[68, 11]
[68, 12]
[68, 11]
[68, 12]
[68, 11]
[68, 12]
[68, 11]
[68, 12]
[68, 11]
[68, 12]
[68, 11]
[68, 12]
[68, 11]
[68, 12]
[68, 11]
[68, 12]
[67, 13]
[67, 12]
[67, 11]
[67, 12]
[67, 11]
[66, 11]
[66, 12]
[66, 11]
[66, 12]
[66, 11]
[66, 12]
[65, 13]
[64, 12]
[63, 11]
[63, 12]
[62, 11]
[63, 10]
[63, 11]
[63, 12]
[62, 11]
[62, 12]
[61, 11]
[61, 12]
[60, 13]
[59, 12]
[58, 11]
[58, 12]
[57, 11]
[57, 12]
[56, 11]
[56, 12]
[55, 11]
[54, 12]
[53, 12]
[52, 11]
[52, 12]
[51, 11]
[51, 12]
[50, 11]
[50, 12]
[49, 11]
[49, 12]
[48, 12]
[47, 11]
[47, 12]
[46, 11]
[46, 12]
[45, 11]
[45, 12]
[44, 11]
[44, 12]
[43, 11]
[43, 12]
[42, 11]
[42, 12]
[41, 11]
[41, 12]
[40, 11]
[40, 12]
[39, 11]
[39, 12]
[38, 11]
[37, 12]
[36, 11]
[36, 12]
[35, 11]
[35, 12]
[34, 11]
[34, 12]
[33, 11]
[33, 12]
[33, 11]
[33, 12]
[33, 11]
[33, 12]
[33, 11]
[33, 12]
[33, 11]
[33, 12]
[33, 11]
[33, 12]
[33, 11]
[33, 12]
[33, 11]
[33, 12]
[33, 11]
[33, 12]
[33, 11]
[33, 12]
[32, 13]
[32, 12]
[33, 11]
[33, 12]
[33, 11]
[33, 12]
[33, 11]
[33, 12]
[34, 11]
[34, 12]
[34, 11]
[34, 12]
[34, 11]
[35, 10]
[35, 11]
[35, 12]
[35, 11]
[35, 12]
[35, 11]
[35, 12]
[35, 11]
[35, 12]
[35, 11]
[35, 12]
[36, 13]
[36, 12]
[36, 11]
[36, 12]
[36, 11]
[36, 12]
[37, 12]
[37, 11]
[37, 12]
[37, 11]
[37, 12]
[37, 11]
[37, 12]
[37, 11]
[37, 12]
[37, 11]
[38, 12]
[38, 11]
[38, 12]
[38, 11]
[38, 12]
[38, 11]
[38, 12]
[37, 11]
[37, 12]
[37, 11]
[37, 12]
[36, 13]
[36, 12]
[36, 11]
[36, 12]
[36, 11]
[36, 12]
[36, 11]
[36, 12]
[36, 11]
[36, 12]
[36, 11]
[36, 12]
[36, 11]
[36, 12]
[36, 11]
[36, 12]
[35, 13]
[35, 12]
[35, 11]
[35, 12]
[35, 11]
[35, 12]
[35, 11]
[35, 12]
[35, 13]
[35, 12]
[35, 11]
[35, 12]
[35, 11]
[35, 12]
[35, 11]
[35, 12]
[35, 11]
[35, 12]
[35, 11]
[35, 12]
[35, 11]
[35, 12]
[35, 11]
[35, 12]
[35, 11]
[35, 12]
[35, 11]
[35, 12]
[35, 11]
[35, 12]
[35, 11]
[35, 12]
[35, 11]
[35, 12]
[35, 11]
[35, 12]
[35, 11]
[35, 12]
[35, 11]
[35, 12]
[35, 11]
[35, 12]
[35, 11]
[35, 12]
[35, 11]
[35, 12]
[35, 11]
[35, 12]
[35, 11]
[34, 10]
[34, 11]
[34, 12]
[34, 11]
[34, 12]
[34, 11]
[34, 12]
[34, 11]
[34, 12]
[34, 11]
[34, 12]
[34, 11]
[34, 12]
[34, 11]
[34, 12]
[34, 11]
[34, 12]
[33, 13]
[33, 12]
[33, 11]
[33, 12]
[33, 11]
[33, 12]
[32, 12]
[32, 11]
[32, 12]
[33, 11]
[33, 12]
[33, 11]
[33, 12]
[33, 11]
[33, 12]
[33, 11]
[34, 12]
[35, 11]
[35, 12]
[35, 11]
[35, 12]
[35, 11]
[35, 12]
[35, 11]
[35, 12]
[35, 11]
[35, 12]
[35, 11]
[35, 12]
[36, 12]
[36, 11]
[36, 12]
[36, 11]
[36, 12]
[36, 11]
[36, 12]
[36, 11]
[36, 12]
[36, 11]
[36, 12]
[36, 11]
[37, 10]
[37, 11]
[37, 12]
[37, 11]
[37, 12]
[37, 11]
[37, 12]
[37, 11]
[37, 12]
[37, 11]
[37, 12]
[37, 11]
[37, 12]
[36, 12]
[36, 11]
[36, 12]
[36, 11]
[36, 12]
[36, 11]
[36, 12]
[36, 11]
[36, 12]
[36, 11]
[36, 12]
[36, 11]
[36, 12]
[36, 11]
[36, 12]
[36, 11]
[36, 12]
[36, 11]
[36, 12]
[36, 11]
[36, 12]
[36, 11]
[36, 12]
[36, 11]
[36, 12]
[36, 11]
[36, 12]
[36, 11]
[36, 12]
[36, 11]
[36, 12]
[36, 11]
[36, 12]
[36, 11]
[36, 12]
[36, 11]
[36, 12]
[36, 11]
[36, 12]
[36, 11]
[35, 12]
[35, 11]
[35, 12]
[35, 11]
[36, 10]
[36, 11]
[36, 12]
[35, 11]
[35, 12]
[34, 11]
[34, 12]
[33, 11]
[33, 12]
[32, 11]
[32, 12]
[31, 11]
[31, 12]
[30, 11]
[30, 12]
[29, 11]
[28, 11]
[27, 12]
[26, 11]
[26, 12]
[25, 11]
[25, 12]
[24, 11]
[24, 10]
[24, 11]
[24, 12]
[23, 11]
[23, 12]
[22, 11]
[22, 12]
[21, 11]
[21, 12]
[20, 11]
[20, 12]
[19, 11]
[19, 12]
[20, 13]
[19, 12]
[18, 11]
[18, 12]
[18, 11]
[18, 12]
[18, 11]
[18, 12]
[18, 13]
[18, 12]
[19, 13]
[19, 12]
[19, 11]
[19, 12]
[19, 11]
[20, 12]
[20, 11]
[20, 12]
[20, 11]
[20, 12]
[20, 11]
[20, 12]
[20, 11]
[20, 12]
[20, 11]
[20, 12]
[20, 11]
[20, 12]
[20, 11]
[20, 12]
[20, 11]
[20, 12]
[20, 11]
[20, 12]
[20, 11]
[20, 10]
[19, 9]
[18, 8]
[17, 7]
[16, 6]
[15, 5]
[14, 4]
[15, 5]
[14, 4]
[13, 3]
[12, 2]
[11, 1]
[10, 1]
[9, 1]
[8, 1]
[7, 1]
[6, 1]
[5, 1]
[4, 1]
[3, 1]
[2, 1]
[1, 1]
[1, 1]
[1, 1]
[2, 2]
[1, 1]
[1, 1]
[1, 1]
[1, 1]
[1, 1]
[1, 1]
[1, 1]
[1, 1]
[1, 2]
[1, 2]
[1, 2]
[1, 2]
[1, 2]
[1, 2]
[1, 1]
[1, 1]
[1, 1]
[1, 2]
[1, 2]
[1, 2]
[1, 2]
[1, 2]
[1, 2]
[1, 2]
[1, 2]
[1, 2]
[1, 2]
[1, 2]
[1, 2]
[1, 2]
[1, 2]
[2, 3]
[1, 3]
[1, 3]
[2, 2]
[1, 2]
[1, 2]
[1, 2]
[1, 2]
[1, 2]
[1, 2]
[1, 2]
[1, 2]
[1, 2]
[1, 2]
[1, 2]
[1, 2]
[1, 2]
[1, 2]
[1, 2]
[1, 2]
[1, 2]
[1, 2]
[1, 2]
[1, 2]
[1, 2]
[1, 2]
[1, 2]
[1, 2]
[1, 2]
[1, 2]
[1, 2]
[1, 2]
[1, 2]
[1, 2]
[1, 2]
[1, 2]
[1, 2]
[1, 2]
[1, 2]
[1, 2]
[1, 2]
[1, 2]
[1, 2]
[1, 2]
[1, 2]
[1, 2]
[1, 2]
[1, 2]
[1, 2]
[1, 2]
[1, 2]
[1, 2]
[1, 2]
[1, 2]
[1, 2]
[1, 2]
[1, 2]
[2, 2]
[1, 2]
[1, 2]
[1, 2]
[1, 2]
[1, 2]
[1, 2]
[1, 2]
[1, 2]
[1, 2]
[1, 2]
[1, 2]
[1, 3]
[1, 3]
[1, 3]
[1, 3]
[1, 3]
[1, 2]
[1, 2]
[1, 2]
[1, 2]
[1, 2]
[1, 2]
[1, 2]
[1, 2]
[1, 2]
[1, 2]
[1, 2]
[1, 2]
[1, 2]
[1, 2]
[1, 2]
[1, 2]
[1, 2]
[1, 2]
[1, 3]
[1, 3]
[1, 3]
[1, 3]
[1, 3]
[1, 3]
[1, 3]
[1, 3]
[1, 3]
[1, 3]
[1, 3]
[1, 3]
[1, 3]
[1, 3]
[1, 3]
[1, 3]
[1, 3]
[1, 3]
[1, 3]
[1, 3]
[1, 4]
[1, 4]
[1, 4]
[1, 4]
[1, 4]
[1, 4]
[2, 4]
[1, 5]
[1, 6]
[1, 7]
[1, 8]
[1, 9]
[1, 10]
[1, 11]
[1, 12]
[1, 11]
[1, 12]
[1, 11]
[1, 12]
[1, 11]
[1, 12]
[2, 11]
[1, 12]
[2, 11]
[1, 12]
[2, 11]
[1, 12]
[2, 11]
[1, 12]
[2, 11]
[1, 12]
[2, 11]
[1, 12]
[2, 11]
[1, 12]
[2, 11]
[1, 12]
[2, 11]
[1, 12]
[2, 11]
[1, 12]
[2, 11]
[1, 12]
[1, 13]
[1, 14]
[2, 13]
[3, 12]
[4, 11]
[4, 10]
[4, 9]
[4, 8]
[4, 7]
[4, 6]
[4, 5]
[4, 4]
[4, 3]
[4, 2]
[4, 1]
[4, 1]
[4, 1]
[4, 1]
[5, 2]
[5, 1]
[5, 1]
[5, 2]
[5, 1]
[5, 1]
[5, 1]
[5, 1]
[5, 1]
[5, 1]
[5, 1]
[5, 1]
[6, 1]
[6, 2]
[6, 1]
[6, 1]
[6, 1]
[6, 1]
[6, 1]
[6, 1]
[6, 1]
[6, 1]
[6, 1]
[6, 1]
[6, 1]
[6, 1]
[6, 1]
[6, 1]
[6, 1]
[6, 1]
[5, 1]
[4, 1]
[3, 1]
[2, 1]
[1, 1]
[1, 1]
[1, 1]
[1, 1]
[1, 1]
[1, 1]
[1, 1]
[1, 1]
[1, 2]
[1, 3]
[1, 2]
[1, 1]
[1, 1]
[1, 1]
[1, 1]
[1, 1]
[1, 1]
[1, 1]
[1, 1]
[1, 1]
[1, 1]
[1, 2]
[1, 3]
[1, 4]
[1, 5]
[1, 6]
[1, 7]
[1, 8]
[1, 9]
[1, 10]
[1, 11]
[1, 12]
[1, 11]
[1, 12]
[2, 11]
[1, 12]
[2, 11]
[1, 12]
[2, 11]
[1, 12]
[2, 11]
[1, 11]
[1, 12]
[2, 11]
[1, 12]
[2, 11]
[1, 12]
[1, 11]
[1, 10]
[1, 10]
[1, 11]
[1, 10]
[1, 11]
[1, 12]
[2, 11]
[1, 12]
[2, 11]
[1, 12]
[2, 11]
[1, 12]
[2, 11]
[1, 12]
[2, 13]
[3, 12]
[4, 11]
[3, 12]
[4, 11]
[5, 10]
[4, 11]
[5, 11]
[4, 12]
[5, 11]
[4, 12]
[5, 11]
[4, 12]
[5, 11]
[4, 12]
[5, 11]
[4, 12]
[5, 11]
[4, 12]
[5, 11]
[4, 12]
[5, 11]
[4, 12]
[5, 11]
[4, 12]
[5, 11]
[4, 12]
[5, 11]
[4, 12]
[5, 11]
[4, 12]
[5, 11]
[4, 12]
[5, 11]
[4, 12]
[5, 11]
[4, 12]
[5, 11]
[4, 12]
[5, 11]
[4, 12]
[5, 11]
[5, 10]
[4, 9]
[3, 10]
[4, 11]
[3, 12]
[4, 11]
[3, 12]
[4, 11]
[3, 12]
[4, 11]
[3, 12]
[4, 11]
[3, 12]
[3, 11]
[2, 12]
[3, 11]
[2, 11]
[1, 12]
[2, 11]
[1, 12]
[2, 11]
[1, 12]
[2, 11]
[1, 12]
[2, 11]
[1, 12]
[2, 11]
[1, 12]
[2, 11]
[1, 12]
[2, 12]
[3, 11]
[4, 11]
[3, 12]
[4, 11]
[3, 12]
[4, 11]
[3, 12]
[4, 11]
[3, 12]
[4, 11]
[3, 12]
[4, 11]
[3, 12]
[4, 11]
[3, 12]
[4, 11]
[3, 12]
[4, 11]
[3, 12]
[4, 11]
[3, 12]
[4, 11]
[3, 12]
[4, 11]
[3, 12]
[4, 12]
[5, 11]
[4, 12]
[5, 11]
[4, 12]
[4, 13]
[5, 12]
[6, 11]
[5, 12]
[6, 11]
[5, 12]
[6, 11]
[5, 12]
[6, 11]
[5, 12]
[6, 11]
[5, 12]
[6, 11]
[5, 12]
[6, 11]
[5, 12]
[6, 11]
[5, 12]
[6, 11]
[5, 12]
[4, 12]
[5, 11]
[4, 12]
[5, 11]
[6, 12]
[7, 11]
[6, 12]
[7, 11]
[6, 12]
[7, 11]
[6, 12]
[7, 11]
[6, 12]
[7, 11]
[6, 12]
[7, 11]
[6, 12]
[7, 11]
[6, 12]
[7, 13]
[6, 12]
[7, 11]
[6, 12]
[7, 11]
[6, 12]
[7, 11]
[6, 11]
[5, 12]
[6, 11]
[5, 12]
[6, 11]
[5, 12]
[6, 11]
[5, 12]
[6, 11]
[5, 12]
[6, 11]
[5, 12]
[6, 11]
[5, 12]
[6, 11]
[5, 12]
[6, 11]
[5, 12]
[6, 11]
[5, 10]
[4, 11]
[3, 12]
[4, 11]
[3, 12]
[4, 11]
[3, 12]
[4, 11]
[3, 12]
[4, 11]
[3, 12]
[4, 11]
[3, 12]
[4, 11]
[3, 12]
[4, 11]
[3, 12]
[4, 11]
[3, 12]
[4, 11]
[3, 12]
[4, 11]
[3, 12]
[4, 11]
[3, 12]
[2, 11]
[2, 12]
[3, 11]
[2, 12]
[3, 11]
[2, 12]
[3, 11]
[2, 12]
[3, 11]
[2, 12]
[2, 13]
[3, 12]
[4, 11]
[3, 12]
[4, 11]
[3, 12]
[4, 11]
[3, 11]
[2, 12]
[3, 11]
[2, 12]
[3, 11]
[2, 12]
[3, 11]
[2, 12]
[3, 11]
[2, 12]
[3, 11]
[2, 12]
[3, 11]
[2, 12]
[3, 11]
[2, 12]
[3, 11]
[2, 12]
[3, 11]
[2, 11]
[1, 12]
[2, 11]
[1, 12]
[2, 11]
[1, 12]
[2, 11]
[1, 12]
[2, 11]
[1, 12]
[2, 11]
[1, 12]
[1, 12]
[2, 11]
[1, 12]
[1, 13]
[2, 12]
[3, 11]
[2, 12]
[3, 11]
[2, 12]
[3, 11]
[2, 12]
[3, 11]
[2, 12]
[3, 11]
[2, 12]
[3, 11]
[2, 12]
[3, 11]
[2, 12]
[3, 11]
[2, 12]
[3, 11]
[2, 12]
[3, 11]
[2, 12]
[3, 11]
[2, 12]
[3, 11]
[2, 12]
[3, 11]
[2, 12]
[3, 11]
[2, 12]
[3, 11]
[2, 12]
[3, 11]
[2, 12]
[3, 11]
[2, 12]
[3, 11]
[2, 12]
[3, 11]
[2, 12]
[2, 11]
[1, 12]
[2, 11]
[1, 12]
[2, 11]
[3, 12]
[4, 11]
[3, 12]
[4, 11]
[5, 12]
[6, 11]
[7, 12]
[8, 11]
[9, 12]
[10, 11]
[10, 12]
[11, 11]
[12, 12]
[11, 12]
[12, 11]
[13, 12]
[14, 11]
[15, 12]
[16, 11]
[17, 12]
[18, 11]
[19, 12]
[20, 11]
[21, 12]
[22, 11]
[23, 12]
[24, 11]
[25, 12]
[26, 11]
[27, 12]
[28, 11]
[29, 12]
[30, 11]
[31, 12]
[32, 11]
[33, 12]
[34, 11]
[35, 12]
[36, 11]
[37, 12]
[38, 11]
[39, 12]
[38, 11]
[39, 12]
[40, 11]
[41, 12]
[42, 11]
[43, 12]
[44, 11]
[45, 12]
[46, 11]
[47, 12]
[48, 11]
[49, 12]
[50, 11]
[51, 12]
[52, 11]
[53, 12]
[54, 11]
[55, 12]
[56, 11]
[57, 10]
[58, 10]
[59, 11]
[59, 12]
[60, 11]
[61, 12]
[62, 11]
[63, 12]
[64, 11]
[65, 12]
[66, 11]
[67, 12]
[68, 11]
[69, 12]
[70, 11]
[71, 12]
[72, 11]
[73, 12]
[74, 11]
[75, 12]
[76, 11]
[77, 12]
[78, 11]
[79, 12]
[80, 11]
[81, 12]
[82, 11]
[83, 12]
[84, 11]
[85, 12]
[86, 11]
[87, 12]
[88, 11]
[89, 12]
[90, 11]
[91, 12]
[92, 11]
[93, 12]
[94, 11]
[95, 12]
[96, 11]
[97, 12]
[98, 11]
[99, 12]
[99, 11]
[100, 12]
[101, 11]
[102, 12]
[103, 11]
[104, 12]
[105, 11]
[106, 12]
[107, 11]
[107, 10]
[108, 11]
[109, 12]
[110, 11]
[111, 12]
[112, 11]
[113, 12]
[114, 11]
[115, 12]
[116, 11]
[117, 12]
[118, 11]
[119, 10]
[118, 9]
[117, 8]
[118, 9]
[117, 8]
[118, 9]
[117, 8]
[118, 9]
[117, 8]
[118, 9]
[117, 8]
[118, 7]
[117, 6]
[118, 7]
[117, 6]
[118, 7]
[117, 6]
[118, 7]
[117, 6]
[116, 5]
[117, 4]
[116, 3]
[115, 2]
[114, 1]
[113, 1]
[112, 1]
[111, 1]
[110, 1]
[109, 1]
[108, 1]
[107, 1]
[106, 1]
[105, 1]
[104, 1]
[103, 1]
[102, 1]
[101, 1]
[100, 1]
[99, 1]
[98, 1]
[97, 1]
[96, 1]
[95, 1]
[94, 1]
[93, 1]
[92, 1]
[91, 1]
[90, 1]
[89, 1]
[88, 1]
[87, 1]
[86, 1]
[85, 1]
[84, 1]
[83, 1]
[82, 1]
[81, 1]
[80, 1]
[79, 1]
[78, 1]
[77, 1]
[76, 1]
[75, 1]
[74, 1]
[73, 1]
[72, 1]
[71, 1]
[70, 1]
[69, 1]
[68, 1]
[67, 1]
[66, 1]
[65, 1]
[64, 1]
[63, 1]
[62, 1]
[61, 1]
[60, 1]
[59, 1]
[58, 1]
[57, 1]
[56, 1]
[55, 1]
[54, 1]
[53, 1]
[52, 1]
[51, 1]
[50, 1]
[49, 1]
[49, 2]
[50, 2]
[49, 1]
[48, 1]
[47, 1]
[46, 1]
[45, 1]
[44, 1]
[43, 1]
[42, 1]
[41, 1]
[40, 1]
[39, 1]
[38, 1]
[37, 1]
[36, 1]
[35, 1]
[34, 1]
[33, 1]
[32, 1]
[31, 1]
[30, 1]
[29, 1]
[30, 1]
[29, 1]
[30, 1]
[29, 1]
[28, 1]
[27, 1]
[26, 1]
[25, 1]
[26, 2]
[27, 1]
[28, 2]
[29, 3]
[30, 4]
[31, 5]
[32, 6]
[33, 7]
[34, 7]
[35, 8]
[36, 9]
[37, 10]
[38, 11]
[39, 12]
[40, 11]
[41, 12]
[42, 11]
[43, 12]
[44, 11]
[43, 11]
[44, 12]
[45, 11]
[46, 12]
[47, 11]
[48, 12]
[49, 11]
[48, 10]
[49, 11]
[48, 12]
[49, 11]
[50, 12]
[51, 11]
[52, 12]
[51, 12]
[52, 11]
[53, 12]
[54, 11]
[55, 12]
[56, 11]
[57, 12]
[58, 11]
[59, 12]
[60, 11]
[61, 12]
[62, 11]
[63, 12]
[64, 11]
[65, 12]
[66, 11]
[67, 12]
[68, 11]
[69, 12]
[70, 11]
[71, 12]
[72, 11]
[73, 12]
[74, 11]
[75, 12]
[76, 11]
[77, 12]
[78, 11]
[79, 12]
[80, 11]
[81, 12]
[82, 11]
[83, 12]
[84, 11]
[85, 12]
[86, 11]
[87, 10]
[88, 11]
[89, 10]
[90, 11]
[91, 12]
[92, 11]
[93, 12]
[94, 11]
[95, 12]
[96, 11]
[97, 12]
[98, 11]
[99, 12]
[100, 11]
[101, 12]
[102, 11]
[103, 12]
[104, 11]
[105, 12]
[106, 11]
[107, 12]
[108, 11]
[109, 12]
[110, 11]
[111, 12]
[112, 11]
[113, 12]
[114, 11]
[115, 12]
[116, 11]
[117, 12]
[118, 11]
[117, 10]
[117, 9]
[118, 10]
[117, 9]
[118, 10]
[117, 9]
[118, 10]
[117, 9]
[118, 10]
[118, 11]
[117, 10]
[118, 11]
[117, 10]
[118, 11]
[117, 10]
[118, 11]
[117, 10]
[118, 11]
[117, 10]
[118, 11]
[117, 10]
[118, 11]
[117, 10]
[118, 11]
[117, 10]
[118, 11]
[117, 10]
[118, 11]
[117, 12]
[118, 11]
[117, 10]
[118, 11]
[117, 10]
[116, 9]
[117, 10]
[118, 11]
[117, 10]
[118, 11]
[117, 10]
[118, 11]
[117, 11]
[117, 10]
[118, 11]
[117, 10]
[118, 11]
[117, 10]
[118, 11]
[117, 10]
[118, 11]
[117, 10]
[118, 11]
[117, 10]
[118, 11]
[119, 12]
[118, 11]
[117, 10]
[118, 11]
[117, 10]
[118, 11]
[117, 10]
[118, 11]
[117, 10]
[118, 11]
[117, 10]
[116, 11]
[117, 12]
[118, 11]
[117, 10]
[118, 11]
[117, 10]
[118, 11]
[117, 10]
[118, 11]
[117, 10]
[118, 11]
[117, 10]
[118, 11]
[117, 10]
[118, 11]
[117, 10]
[118, 11]
[117, 10]
[118, 11]
[117, 10]
[118, 11]
[117, 10]
[118, 11]
[117, 10]
[118, 11]
[117, 10]
[118, 11]
[117, 10]
[118, 11]
[117, 10]
[118, 11]
[117, 10]
[118, 11]
[117, 10]
[118, 11]
[119, 10]
[118, 9]
[117, 8]
[118, 9]
[117, 8]
[118, 8]
[117, 7]
[118, 8]
[117, 7]
[118, 8]
[117, 7]
[118, 8]
[117, 7]
[118, 8]
[117, 7]
[118, 8]
[117, 7]
[118, 8]
[117, 7]
[118, 8]
[117, 7]
[118, 8]
[117, 7]
[118, 7]
[117, 6]
[118, 7]
[117, 6]
[118, 7]
[117, 6]
[118, 7]
[117, 6]
[118, 7]
[119, 6]
[118, 5]
[117, 4]
[118, 5]
[117, 4]
[118, 5]
[117, 4]
[118, 5]
[117, 4]
[118, 5]
[117, 4]
[118, 5]
[117, 4]
[118, 5]
[117, 4]
[118, 5]
[117, 4]
[118, 5]
[117, 4]
[118, 5]
[118, 6]
[117, 5]
[118, 6]
[117, 5]
[116, 5]
[117, 6]
[118, 7]
[117, 6]
[118, 7]
[117, 6]
[118, 7]
[117, 6]
[118, 7]
[117, 6]
[118, 7]
[117, 6]
[118, 7]
[117, 6]
[118, 7]
[117, 7]
[116, 7]
[115, 7]
[116, 8]
[117, 9]
[118, 10]
[117, 9]
[118, 10]
[117, 9]
[117, 8]
[118, 9]
[117, 8]
[118, 9]
[117, 8]
[118, 9]
[117, 8]
[118, 9]
[117, 8]
[118, 9]
[117, 8]
[118, 9]
[117, 8]
[118, 9]
[117, 8]
[118, 9]
[117, 8]
[118, 9]
[117, 8]
[118, 9]
[117, 8]
[118, 9]
[117, 8]
[118, 7]
[117, 6]
[118, 7]
[117, 6]
[118, 6]
[117, 5]
[118, 6]
[117, 5]
[118, 6]
[117, 5]
[118, 6]
[117, 5]
[118, 6]
[117, 5]
[118, 6]
[117, 5]
[118, 5]
[117, 4]
[118, 5]
[117, 4]
[118, 5]
[117, 4]
[118, 5]
[117, 4]
[118, 5]
[117, 4]
[118, 5]
[117, 4]
[118, 5]
[117, 4]
[118, 5]
[117, 4]
[118, 5]
[117, 4]
[118, 5]
[117, 4]
[118, 5]
[117, 4]
[118, 5]
[117, 4]
[118, 5]
[117, 4]
[118, 5]
[117, 4]
[118, 5]
[117, 4]
[118, 5]
[117, 4]
[118, 5]
[117, 4]
[118, 5]
[117, 4]
[118, 5]
[117, 4]
[118, 5]
[117, 4]
[118, 5]
[117, 4]
[118, 5]
[117, 4]
[118, 5]
[117, 4]
[118, 5]
[117, 4]
[118, 5]
[117, 4]
[118, 5]
[117, 4]
[118, 5]
[117, 4]
[118, 5]
[118, 6]
[117, 5]
[118, 6]
[117, 5]
[118, 6]
[117, 5]
[118, 6]
[117, 5]
[118, 6]
[117, 5]
[118, 6]
[117, 5]
[118, 6]
[117, 5]
[118, 6]
[117, 5]
[118, 6]
[117, 5]
[118, 6]
[117, 5]
[118, 6]
[117, 5]
[118, 6]
[117, 5]
[118, 6]
[117, 5]
[118, 6]
[117, 7]
[118, 8]
[117, 7]
[118, 8]
[117, 7]
[118, 8]
[117, 7]
[118, 8]
[117, 7]
[118, 8]
[117, 7]
[118, 8]
[117, 7]
[118, 8]
[117, 7]
[116, 6]
[117, 7]
[118, 8]
[117, 7]
[118, 8]
[117, 7]
[118, 8]
[117, 7]
[118, 8]
[117, 8]
[118, 7]
[117, 6]
[116, 6]
[117, 7]
[118, 8]
[117, 7]
[118, 8]
[117, 7]
[118, 8]
[117, 7]
[118, 8]
[117, 7]
[116, 8]
[117, 9]
[118, 10]
[117, 9]
[118, 10]
[117, 9]
[118, 10]
[117, 9]
[118, 10]
[117, 9]
[118, 10]
[117, 9]
[118, 10]
[117, 9]
[118, 10]
[117, 9]
[118, 10]
[117, 9]
[118, 10]
[117, 9]
[118, 10]
[117, 9]
[118, 10]
[117, 9]
[118, 10]
[119, 11]
[118, 10]
[117, 9]
[118, 10]
[117, 9]
[118, 10]
[117, 9]
[118, 10]
[117, 9]
[118, 10]
[117, 9]
[118, 10]
[117, 9]
[118, 10]
[119, 11]
[118, 10]
[117, 9]
[118, 10]
[117, 9]
[118, 10]
[117, 9]
[118, 9]
[117, 8]
[118, 9]
[117, 8]
[118, 9]
[117, 8]
[118, 9]
[117, 8]
[118, 9]
[117, 8]
[118, 9]
[117, 8]
[118, 9]
[117, 8]
[118, 9]
[117, 8]
[118, 9]
[117, 9]
[118, 10]
[117, 9]
[118, 9]
[117, 8]
[118, 9]
[117, 8]
[118, 9]
[117, 8]
[117, 9]
[118, 10]
[117, 9]
[118, 10]
[117, 9]
[118, 10]
[117, 9]
[118, 10]
[117, 9]
[118, 10]
[117, 9]
[118, 10]
[117, 9]
[118, 10]
[117, 9]
[117, 10]
[117, 11]
[117, 12]
[118, 11]
[117, 10]
[117, 11]
[117, 12]
[118, 11]
[117, 10]
[117, 11]
[117, 12]
[118, 11]
[117, 10]
[117, 11]
[117, 12]
[118, 11]
[117, 10]
[117, 11]
[117, 12]
[118, 11]
[117, 10]
[117, 11]
[117, 12]
[118, 11]
[117, 10]
[117, 11]
[117, 12]
[118, 11]
[117, 10]
[117, 11]
[117, 12]
[118, 11]
[117, 10]
[117, 11]
[117, 12]
[118, 11]
[117, 10]
[117, 11]
[117, 12]
[118, 11]
[117, 10]
[117, 11]
[117, 12]
[118, 11]
[117, 10]
[117, 11]
[117, 12]
[118, 11]
[117, 10]
[117, 11]
[117, 12]
[116, 12]
[117, 11]
[117, 12]
[118, 11]
[119, 12]
[118, 11]
[117, 10]
[117, 11]
[117, 12]
[117, 13]
[118, 12]
