[117, 265]
[118, 264]
[119, 263]
[120, 262]
[121, 261]
[122, 260]
[123, 259]
[124, 258]
[125, 257]
[126, 256]
[127, 255]
[128, 254]
[128, 253]
[128, 254]
[129, 253]
[129, 254]
[130, 253]
[131, 252]
[132, 251]
[133, 250]
[134, 249]
[135, 248]
[136, 247]
[137, 246]
[138, 245]
[139, 244]
[140, 243]
[141, 242]
[142, 241]
[143, 240]
[144, 239]
[145, 238]
[146, 237]
[147, 236]
[148, 235]
[148, 236]
[148, 235]
[149, 234]
[150, 233]
[151, 232]
[152, 231]
[153, 230]
[153, 231]
[152, 232]
[153, 231]
[154, 230]
[155, 229]
[156, 228]
[157, 227]
[158, 226]
[159, 225]
[160, 224]
[161, 223]
[162, 222]
[163, 221]
[164, 220]
[165, 219]
[166, 218]
[167, 217]
[168, 216]
[169, 215]
[170, 214]
[171, 215]
[172, 214]
[173, 213]
[174, 212]
[175, 211]
[176, 210]
[177, 209]
[178, 208]
[179, 207]
[180, 206]
[181, 205]
[182, 204]
[183, 203]
[184, 202]
[185, 201]
[186, 200]
[187, 199]
[188, 198]
[189, 197]
[190, 196]
[191, 195]
[192, 194]
[193, 193]
[194, 192]
[195, 191]
[196, 190]
[197, 189]
[198, 188]
[199, 187]
[200, 186]
[200, 185]
[201, 184]
[202, 183]
[203, 182]
[204, 181]
[205, 180]
[206, 179]
[207, 178]
[208, 177]
[209, 176]
[210, 175]
[211, 174]
[212, 173]
[213, 172]
[214, 171]
[215, 170]
[216, 169]
[217, 168]
[218, 167]
[219, 166]
[220, 165]
[221, 164]
[222, 163]
[223, 162]
[224, 161]
[225, 160]
[225, 159]
[226, 158]
[227, 157]
[227, 158]
[228, 157]
[229, 156]
[230, 155]
[231, 156]
[232, 157]
[233, 158]
[234, 159]
[235, 160]
[236, 161]
[237, 162]
[238, 163]
[239, 164]
[240, 163]
[241, 164]
[242, 165]
[243, 166]
[244, 167]
[245, 168]
[246, 169]
[246, 168]
[247, 169]
[248, 170]
[249, 171]
[250, 172]
[251, 173]
[252, 174]
[253, 175]
[254, 176]
[255, 177]
[256, 178]
[257, 179]
[258, 180]
[259, 181]
[260, 182]
[261, 183]
[262, 184]
[263, 185]
[264, 186]
[265, 187]
[266, 188]
[267, 189]
[268, 190]
[269, 191]
[270, 192]
[271, 193]
[272, 194]
[273, 195]
[274, 196]
[275, 197]
[276, 198]
[277, 199]
[278, 200]
[279, 201]
[278, 200]
[279, 201]
[278, 200]
[279, 201]
[278, 200]
[279, 201]
[278, 201]
[279, 202]
[278, 201]
[279, 202]
[278, 201]
[279, 202]
[278, 201]
[279, 202]
[278, 201]
[279, 202]
[278, 201]
[279, 202]
[278, 201]
[279, 202]
[278, 201]
[279, 202]
[278, 201]
[278, 200]
[279, 201]
[278, 200]
[277, 199]
[278, 200]
[279, 201]
[278, 200]
[279, 200]
[279, 201]
[278, 200]
[279, 200]
[278, 199]
[278, 198]
[279, 198]
[278, 197]
[279, 197]
[278, 196]
[279, 196]
[278, 195]
[279, 195]
[278, 194]
[277, 193]
[278, 193]
[279, 193]
[278, 192]
[279, 192]
[278, 191]
[279, 191]
[278, 190]
[279, 190]
[278, 189]
[279, 189]
[278, 188]
[279, 188]
[278, 187]
[279, 187]
[278, 186]
[279, 186]
[278, 185]
[279, 185]
[278, 184]
[279, 184]
[278, 183]
[279, 183]
[278, 182]
[279, 182]
[278, 181]
[279, 181]
[278, 180]
[279, 180]
[278, 179]
[279, 179]
[278, 178]
[279, 178]
[278, 177]
[279, 177]
[278, 176]
[279, 176]
[278, 175]
[279, 175]
[278, 174]
[279, 174]
[278, 173]
[279, 173]
[280, 173]
[279, 172]
[278, 171]
[279, 171]
[278, 170]
[279, 170]
[278, 169]
[279, 169]
[278, 168]
[279, 168]
[278, 167]
[279, 167]
[278, 166]
[279, 166]
[278, 165]
[279, 165]
[278, 164]
[279, 164]
[278, 163]
[279, 163]
[278, 162]
[279, 162]
[278, 161]
[279, 161]
[278, 160]
[279, 160]
[278, 159]
[279, 159]
[278, 158]
[279, 158]
[278, 157]
[279, 157]
[278, 156]
[279, 156]
[278, 156]
[279, 156]
[278, 155]
[279, 155]
[280, 156]
[279, 155]
[278, 154]
[279, 154]
[278, 155]
[279, 155]
[278, 154]
[279, 154]
[280, 153]
[279, 152]
[278, 151]
[279, 151]
[278, 150]
[278, 149]
[279, 149]
[278, 148]
[279, 148]
[278, 147]
[279, 147]
[278, 146]
[279, 146]
[278, 145]
[279, 145]
[278, 144]
[279, 144]
[278, 143]
[279, 143]
[280, 144]
[279, 143]
[278, 142]
[279, 142]
[278, 141]
[279, 141]
[278, 140]
[279, 140]
[278, 139]
[279, 139]
[278, 138]
[279, 138]
[278, 137]
[279, 137]
[278, 136]
[279, 136]
[278, 135]
[279, 135]
[278, 134]
[279, 134]
[278, 133]
[279, 133]
[278, 132]
[279, 132]
[278, 131]
[279, 131]
[278, 130]
[279, 130]
[278, 129]
[279, 129]
[278, 128]
[278, 129]
[279, 129]
[278, 128]
[279, 128]
[278, 127]
[279, 127]
[280, 126]
[279, 125]
[278, 124]
[279, 124]
[278, 123]
[279, 123]
[278, 122]
[279, 122]
[278, 121]
[278, 122]
[279, 122]
[278, 121]
[279, 121]
[278, 122]
[279, 122]
[278, 121]
[279, 121]
[278, 120]
[279, 120]
[278, 119]
[279, 119]
[278, 118]
[279, 118]
[278, 117]
[279, 117]
[278, 116]
[279, 116]
[280, 116]
[279, 115]
[278, 114]
[279, 114]
[278, 113]
[279, 113]
[278, 112]
[279, 112]
[278, 111]
[279, 111]
[278, 110]
[279, 110]
[278, 109]
[279, 109]
[278, 108]
[279, 108]
[278, 107]
[279, 107]
[278, 106]
[279, 106]
[278, 105]
[279, 105]
[278, 104]
[279, 104]
[278, 103]
[279, 103]
[278, 102]
[279, 102]
[278, 101]
[279, 101]
[278, 100]
[279, 100]
[278, 99]
[279, 99]
[278, 98]
[279, 98]
[278, 99]
[279, 99]
[278, 98]
[279, 98]
[278, 97]
[279, 97]
[278, 96]
[279, 96]
[278, 95]
[279, 95]
[280, 94]
[281, 94]
[280, 93]
[279, 92]
[278, 91]
[279, 91]
[278, 90]
[279, 90]
[278, 89]
[279, 89]
[278, 88]
[279, 88]
[278, 87]
[279, 87]
[278, 86]
[279, 86]
[278, 85]
[277, 86]
[278, 86]
[279, 86]
[278, 85]
[277, 85]
[278, 85]
[279, 85]
[278, 84]
[279, 84]
[278, 83]
[279, 83]
[278, 82]
[279, 82]
[278, 81]
[279, 81]
[278, 80]
[278, 81]
[279, 81]
[278, 80]
[279, 80]
[278, 79]
[279, 79]
[278, 78]
[279, 78]
[278, 77]
[279, 77]
[278, 76]
[279, 76]
[278, 75]
[279, 75]
[278, 74]
[279, 74]
[278, 73]
[279, 73]
[279, 72]
[278, 71]
[279, 71]
[278, 70]
[279, 70]
[278, 69]
[279, 69]
[278, 68]
[279, 68]
[278, 67]
[279, 67]
[278, 66]
[279, 66]
[278, 65]
[279, 65]
[278, 64]
[279, 64]
