[85, 22]
[85, 23]
[85, 24]
[85, 25]
[85, 26]
[85, 27]
[85, 28]
[84, 29]
[84, 30]
[84, 31]
[84, 32]
[84, 33]
[85, 34]
[85, 35]
[86, 35]
[87, 35]
[88, 35]
[89, 35]
[90, 35]
[91, 35]
[92, 35]
[93, 35]
[94, 35]
[95, 35]
[96, 35]
[97, 35]
[98, 35]
[99, 35]
[100, 35]
[101, 35]
[102, 35]
[103, 35]
[104, 35]
[105, 35]
[106, 35]
[107, 35]
[108, 35]
[109, 35]
[110, 35]
[111, 35]
[112, 35]
[113, 35]
[114, 35]
[115, 35]
[116, 35]
[117, 35]
[118, 35]
[119, 35]
[120, 35]
[121, 35]
[122, 35]
[123, 35]
[124, 35]
[124, 36]
[125, 36]
[126, 36]
[127, 36]
[128, 35]
[129, 35]
[130, 35]
[131, 35]
[132, 35]
[133, 35]
[134, 35]
[135, 35]
[136, 35]
[137, 35]
[138, 35]
[139, 35]
[140, 35]
[141, 35]
[142, 35]
[143, 35]
[144, 35]
[145, 35]
[146, 35]
[147, 35]
[148, 35]
[149, 35]
[150, 35]
[151, 35]
[152, 35]
[153, 35]
[154, 35]
[155, 35]
[156, 35]
[155, 35]
[156, 35]
[157, 35]
[158, 35]
[159, 35]
[160, 35]
[161, 35]
[162, 35]
[163, 35]
[164, 35]
[165, 35]
[166, 35]
[167, 35]
[168, 35]
[169, 35]
[170, 35]
[171, 34]
[172, 34]
[173, 34]
[174, 34]
[175, 34]
[176, 34]
[177, 34]
[178, 34]
[179, 34]
[180, 34]
[181, 34]
[182, 34]
[183, 34]
[184, 34]
[185, 34]
[186, 34]
[187, 34]
[188, 34]
[188, 35]
[187, 36]
[188, 36]
[189, 36]
[190, 36]
[191, 36]
[192, 36]
[193, 36]
[194, 36]
[195, 36]
[195, 35]
[195, 34]
