[220, 228]
[219, 227]
[218, 226]
[217, 225]
[216, 224]
[215, 223]
[215, 224]
[214, 223]
[213, 222]
[212, 221]
[211, 220]
[210, 219]
[209, 218]
[208, 217]
[207, 216]
[206, 215]
[205, 214]
[204, 213]
[203, 212]
[202, 211]
[201, 210]
[200, 209]
[199, 208]
[198, 207]
[197, 206]
[196, 205]
[195, 204]
[194, 203]
[193, 202]
[192, 201]
[191, 200]
[190, 199]
[189, 198]
[188, 197]
[187, 196]
[186, 195]
[185, 194]
[184, 193]
[183, 192]
[182, 191]
[181, 190]
[180, 189]
[179, 188]
[178, 187]
[177, 186]
[176, 185]
[175, 184]
[174, 185]
[173, 184]
[172, 183]
[172, 184]
[171, 183]
[170, 182]
[169, 181]
[168, 180]
[167, 179]
[166, 178]
[165, 177]
[164, 176]
[163, 175]
[162, 174]
[161, 173]
[160, 172]
[159, 171]
[158, 170]
[157, 169]
[156, 168]
[155, 167]
[154, 166]
[153, 165]
[152, 164]
[151, 163]
[150, 162]
[149, 161]
[148, 160]
[147, 159]
[146, 158]
[145, 157]
[144, 156]
[143, 155]
[142, 154]
[143, 153]
[142, 152]
[141, 152]
[140, 151]
[139, 150]
[138, 149]
[137, 148]
[136, 147]
[135, 146]
[134, 145]
[135, 145]
[136, 145]
[135, 144]
[134, 143]
[135, 143]
[134, 142]
[135, 142]
[134, 141]
[135, 141]
[136, 142]
[135, 141]
[134, 140]
[135, 140]
[134, 139]
[135, 139]
[134, 138]
[135, 138]
[134, 137]
[135, 137]
[134, 136]
[135, 136]
[134, 135]
[135, 135]
[134, 134]
[135, 134]
[136, 133]
[135, 132]
[134, 131]
[135, 131]
[134, 130]
[135, 130]
[134, 129]
[133, 130]
[134, 130]
[135, 130]
[134, 129]
[135, 129]
