[126, 38]
[126, 39]
[126, 40]
[125, 39]
[125, 40]
[125, 41]
[125, 42]
[125, 43]
[125, 42]
[125, 43]
[126, 43]
[126, 44]
[126, 45]
[127, 45]
[127, 46]
[127, 47]
[127, 48]
[127, 49]
[127, 50]
[127, 51]
[127, 52]
[127, 53]
[127, 54]
[127, 55]
[127, 56]
[127, 57]
[126, 57]
[126, 58]
[126, 59]
[127, 60]
[126, 61]
[125, 62]
[124, 63]
[123, 64]
[122, 65]
[122, 66]
[122, 67]
[122, 68]
[122, 69]
[122, 70]
[122, 71]
[122, 72]
[122, 73]
[122, 74]
[122, 75]
[122, 76]
[122, 77]
[122, 78]
[122, 79]
[122, 80]
[122, 81]
[122, 82]
[123, 83]
[123, 84]
[123, 85]
[123, 86]
[123, 87]
[122, 86]
[122, 87]
[121, 88]
[120, 89]
[119, 90]
[118, 91]
[117, 92]
[117, 93]
[117, 94]
[117, 95]
[117, 96]
[117, 97]
[117, 98]
[117, 99]
[117, 100]
[117, 101]
[117, 102]
[117, 103]
[117, 104]
[117, 105]
[117, 106]
[117, 107]
[117, 108]
[117, 109]
[117, 110]
[117, 111]
[118, 112]
[118, 113]
[118, 114]
[118, 115]
[118, 116]
[118, 117]
[118, 118]
[118, 119]
[118, 120]
[118, 121]
[118, 122]
[118, 123]
[118, 124]
[118, 125]
[118, 126]
[118, 127]
[117, 127]
[118, 126]
[117, 126]
[116, 126]
[115, 126]
[114, 126]
[113, 126]
[112, 126]
[111, 126]
[112, 127]
[111, 127]
[110, 127]
[109, 127]
[108, 127]
[107, 127]
[106, 127]
[105, 127]
[104, 127]
[103, 127]
[102, 127]
[101, 127]
[100, 127]
[101, 127]
[100, 127]
[99, 127]
[98, 127]
[97, 127]
[96, 127]
[95, 127]
[94, 127]
[94, 128]
[93, 128]
[92, 128]
[91, 128]
[91, 129]
[90, 129]
[89, 129]
[88, 129]
[87, 128]
[86, 128]
[85, 127]
[84, 126]
[83, 125]
[82, 124]
[81, 123]
[80, 122]
[79, 121]
[78, 120]
[77, 119]
[76, 118]
[75, 117]
[74, 116]
[73, 117]
[72, 116]
[71, 115]
[70, 114]
[69, 113]
[68, 112]
[67, 111]
[66, 110]
[65, 109]
[64, 108]
[63, 107]
[62, 106]
[61, 105]
[61, 106]
[60, 105]
[59, 104]
[58, 103]
[57, 102]
[56, 101]
[55, 100]
[54, 99]
[54, 98]
[53, 97]
[52, 96]
[51, 95]
[50, 94]
[49, 93]
[48, 92]
[47, 91]
[48, 92]
[47, 91]
[48, 92]
[47, 91]
[46, 92]
[47, 93]
[48, 94]
[47, 93]
[48, 94]
[47, 93]
[48, 94]
[47, 93]
[48, 94]
[47, 93]
[48, 94]
[47, 93]
[48, 94]
[47, 93]
[48, 94]
[47, 93]
[48, 94]
[47, 93]
[48, 94]
[47, 93]
[48, 94]
[47, 93]
[48, 94]
[47, 93]
[48, 94]
[47, 93]
[48, 94]
[47, 93]
[47, 92]
[48, 93]
[47, 93]
[48, 94]
[47, 93]
[48, 94]
[47, 93]
[46, 93]
[47, 94]
[48, 95]
[47, 94]
[48, 95]
[47, 94]
[48, 95]
[47, 94]
[46, 95]
[47, 96]
[47, 97]
[47, 96]
[48, 97]
[47, 96]
[46, 97]
[47, 97]
[48, 97]
[47, 96]
[48, 96]
[47, 95]
[48, 95]
[47, 94]
[48, 94]
[47, 93]
[48, 93]
[47, 92]
[48, 92]
[47, 91]
[48, 91]
[47, 90]
[48, 90]
[47, 89]
[46, 89]
[47, 89]
[48, 89]
[47, 88]
[48, 87]
[47, 86]
[48, 86]
[47, 85]
[48, 85]
[47, 84]
[48, 84]
[47, 83]
[48, 83]
[49, 83]
[48, 82]
[47, 81]
[48, 81]
[47, 80]
[46, 81]
[45, 82]
[46, 82]
[47, 82]
[48, 82]
[47, 81]
[48, 81]
[47, 80]
[48, 80]
[47, 79]
[48, 79]
[49, 80]
[48, 79]
[47, 78]
[48, 78]
[47, 77]
[48, 77]
[47, 76]
[48, 76]
[47, 75]
[48, 75]
[47, 74]
[48, 74]
[47, 73]
[48, 73]
[48, 72]
[47, 71]
[48, 71]
[47, 70]
[48, 70]
[47, 69]
[48, 69]
[47, 68]
[48, 68]
[47, 67]
[48, 67]
[47, 66]
[48, 66]
[47, 65]
[48, 65]
[47, 64]
[48, 64]
[47, 63]
[48, 63]
[47, 62]
[48, 62]
[47, 61]
[48, 61]
[47, 60]
[48, 60]
[47, 59]
[48, 59]
[47, 58]
[46, 57]
[47, 57]
[48, 57]
[47, 56]
[48, 56]
[47, 55]
[48, 55]
[47, 54]
[48, 54]
[47, 53]
[48, 53]
[47, 53]
[48, 53]
[47, 52]
[48, 52]
[47, 51]
[48, 51]
[47, 50]
[48, 50]
[47, 49]
[48, 49]
[47, 48]
[48, 48]
[47, 47]
[48, 46]
[47, 45]
[48, 45]
[47, 44]
[48, 44]
[47, 43]
[46, 43]
[47, 43]
[48, 43]
[47, 42]
[48, 42]
[47, 41]
[48, 40]
[47, 39]
[48, 39]
[47, 38]
[48, 38]
[47, 37]
[48, 37]
[47, 36]
[48, 36]
[47, 35]
[48, 35]
[47, 34]
[48, 34]
[48, 35]
[47, 34]
[48, 34]
[47, 33]
[48, 33]
[47, 32]
[48, 32]
[47, 31]
[48, 31]
[47, 30]
[48, 30]
[47, 29]
[48, 29]
[47, 28]
[48, 28]
[47, 27]
[48, 27]
[47, 26]
[48, 26]
[47, 25]
[48, 25]
[47, 24]
[48, 24]
[47, 23]
[48, 23]
[47, 22]
[47, 21]
[46, 22]
[47, 22]
[48, 22]
[47, 21]
[48, 21]
[47, 20]
[48, 20]
[47, 19]
[48, 19]
[47, 18]
[48, 18]
[47, 17]
[48, 17]
[47, 16]
[48, 16]
[47, 15]
[48, 15]
[47, 14]
[48, 14]
[47, 13]
[48, 13]
[47, 12]
[48, 12]
[47, 11]
[48, 11]
[47, 10]
[46, 11]
[45, 12]
[46, 12]
[47, 12]
[48, 12]
[47, 11]
[47, 12]
[48, 12]
[47, 11]
[47, 10]
[48, 10]
[47, 9]
[48, 9]
[47, 8]
[48, 8]
[47, 7]
[48, 7]
[47, 6]
[48, 6]
[47, 5]
[48, 5]
[47, 4]
[48, 4]
[49, 3]
[48, 2]
[47, 1]
[48, 1]
[47, 1]
[48, 1]
[47, 1]
[48, 1]
[47, 1]
[48, 1]
[47, 1]
[48, 1]
[47, 1]
[48, 1]
[47, 1]
[48, 1]
[47, 1]
[48, 1]
[47, 1]
[46, 1]
[47, 1]
[48, 1]
[47, 1]
[48, 2]
[49, 1]
[48, 1]
[47, 1]
[48, 1]
[47, 1]
[48, 1]
[47, 1]
[48, 1]
[47, 1]
[48, 1]
[47, 1]
[48, 1]
[47, 1]
[48, 1]
[47, 1]
[48, 1]
[47, 1]
[48, 1]
[47, 1]
[48, 1]
[47, 1]
[48, 1]
[47, 1]
[48, 1]
[47, 1]
[48, 1]
[47, 1]
[48, 1]
[47, 1]
[48, 1]
[47, 1]
[48, 1]
[47, 1]
[48, 1]
[47, 1]
[48, 1]
[47, 1]
[48, 1]
[47, 1]
[48, 1]
[48, 2]
[47, 1]
[48, 1]
[47, 1]
[46, 2]
[47, 2]
[48, 2]
[47, 1]
[48, 1]
[47, 1]
[47, 1]
[48, 1]
[47, 1]
[48, 1]
[47, 1]
[48, 1]
[47, 1]
[48, 1]
[47, 1]
[48, 1]
[47, 1]
[48, 1]
[47, 1]
[48, 1]
[47, 1]
[48, 1]
[47, 1]
[48, 1]
[47, 1]
[48, 1]
[47, 1]
[48, 1]
[47, 1]
[48, 2]
[47, 1]
[46, 2]
[47, 3]
[48, 4]
[47, 3]
[48, 4]
[47, 3]
[48, 4]
[47, 3]
[48, 4]
[47, 3]
[48, 4]
[47, 3]
[46, 4]
[47, 5]
[48, 6]
[47, 5]
[48, 6]
[47, 6]
[48, 7]
[47, 6]
[48, 7]
[47, 6]
[46, 5]
[47, 6]
[48, 7]
[47, 6]
[48, 7]
[47, 6]
[48, 7]
[48, 8]
[47, 7]
[48, 8]
[47, 7]
[48, 8]
[47, 9]
[48, 10]
[47, 11]
[48, 12]
[47, 13]
[48, 14]
[47, 15]
[48, 16]
[47, 17]
[48, 18]
[47, 19]
[48, 20]
[47, 21]
[48, 22]
[47, 23]
[48, 24]
[47, 25]
[48, 26]
[47, 27]
[46, 27]
[47, 28]
[48, 29]
[47, 30]
[48, 31]
[47, 32]
[48, 33]
[47, 34]
[48, 35]
[47, 36]
[48, 37]
[47, 38]
[48, 39]
[47, 40]
[46, 39]
[47, 40]
[48, 41]
[47, 42]
[48, 42]
[47, 43]
[48, 44]
[47, 45]
[48, 46]
[47, 47]
[48, 48]
[47, 49]
[48, 50]
[47, 51]
[48, 52]
[47, 53]
[48, 54]
[49, 55]
[48, 56]
[47, 57]
[48, 58]
[47, 59]
[48, 60]
[47, 61]
[48, 62]
[47, 63]
[48, 64]
[47, 65]
[48, 66]
[47, 67]
[48, 68]
[47, 69]
[47, 70]
[47, 71]
[48, 72]
[47, 73]
[48, 74]
[47, 75]
[48, 76]
[47, 77]
[48, 78]
[47, 79]
[48, 80]
[47, 81]
[48, 82]
[47, 83]
[48, 84]
[47, 85]
[48, 86]
[47, 87]
[48, 88]
[47, 89]
[48, 90]
[47, 91]
[48, 92]
[47, 93]
[48, 94]
[47, 93]
[47, 94]
[48, 95]
[47, 94]
[48, 95]
[47, 94]
[48, 95]
[47, 94]
[48, 95]
[47, 94]
[48, 95]
[47, 94]
[48, 95]
[47, 94]
[48, 95]
[47, 94]
[48, 95]
[47, 94]
[48, 95]
[47, 94]
[48, 95]
[49, 96]
[48, 95]
[47, 94]
[48, 95]
[47, 94]
[48, 95]
[47, 94]
[48, 95]
[48, 94]
[47, 93]
[46, 93]
[47, 94]
[48, 95]
[47, 94]
[48, 95]
[47, 94]
[48, 95]
[47, 94]
[48, 95]
[47, 94]
[48, 95]
[47, 94]
[48, 95]
[47, 94]
[48, 95]
[47, 94]
[48, 95]
[47, 94]
[48, 95]
[47, 94]
[48, 95]
[47, 94]
[48, 95]
[47, 96]
[48, 97]
[47, 96]
[48, 97]
[47, 96]
[48, 96]
[47, 95]
[48, 96]
[47, 95]
[48, 96]
[47, 95]
[46, 94]
[47, 95]
[48, 96]
[47, 95]
[48, 96]
[47, 95]
[48, 96]
[47, 97]
[48, 98]
[47, 97]
[48, 98]
[49, 98]
[48, 97]
[47, 96]
[48, 97]
[47, 96]
[48, 97]
[47, 96]
[48, 97]
[47, 98]
[48, 99]
[47, 100]
[48, 101]
[47, 102]
[48, 103]
[47, 104]
[48, 105]
[47, 106]
[48, 107]
[47, 108]
[48, 109]
[47, 110]
[48, 111]
[48, 112]
[47, 113]
[48, 114]
[47, 115]
[48, 116]
[47, 117]
[48, 117]
[47, 118]
[48, 119]
[47, 120]
[48, 121]
[47, 122]
[48, 123]
[47, 124]
[48, 125]
[47, 126]
[48, 127]
[47, 128]
[48, 129]
[49, 129]
[48, 130]
[49, 131]
[48, 132]
[47, 133]
[48, 134]
[47, 135]
[48, 136]
[47, 137]
[48, 138]
[47, 139]
[48, 140]
[48, 141]
[47, 142]
[48, 143]
[47, 144]
[48, 145]
[47, 146]
[48, 147]
[47, 148]
[47, 147]
[48, 148]
[47, 149]
[48, 150]
[47, 151]
[48, 152]
[47, 153]
[48, 154]
[47, 155]
[48, 156]
[47, 157]
[48, 158]
[47, 159]
[48, 160]
[47, 161]
[48, 162]
[47, 163]
[48, 164]
[47, 165]
[48, 166]
[49, 166]
[48, 167]
[47, 168]
[48, 169]
[47, 170]
[48, 171]
[47, 172]
[48, 173]
[47, 174]
[48, 175]
[47, 176]
[48, 177]
[47, 178]
[48, 179]
[47, 180]
[48, 181]
[47, 182]
[48, 183]
[47, 184]
[48, 185]
[47, 186]
[48, 187]
[47, 188]
[48, 189]
[47, 190]
[48, 191]
[47, 192]
[48, 193]
[47, 194]
[48, 195]
[47, 196]
[48, 197]
[47, 196]
[48, 197]
[47, 196]
[48, 197]
[47, 196]
[48, 197]
[47, 196]
[48, 197]
[47, 196]
[48, 197]
[47, 196]
[48, 197]
[47, 196]
[47, 195]
[48, 196]
[47, 195]
[48, 196]
[47, 195]
[48, 196]
[49, 197]
[48, 196]
[47, 195]
[48, 196]
[47, 195]
[48, 196]
[47, 195]
[48, 196]
[47, 195]
[48, 196]
[47, 195]
[48, 196]
[49, 196]
[48, 195]
[47, 194]
[48, 195]
[47, 194]
[48, 195]
[49, 195]
[48, 194]
[47, 193]
[48, 194]
[47, 193]
[48, 194]
[47, 193]
[48, 194]
[47, 193]
[48, 194]
[47, 193]
[48, 194]
[47, 193]
[48, 194]
[47, 193]
[47, 192]
[48, 193]
[47, 192]
[48, 193]
[47, 192]
[47, 193]
[48, 194]
[47, 193]
[48, 194]
[47, 193]
[48, 194]
[47, 193]
[48, 194]
[47, 193]
[48, 194]
[47, 193]
[48, 194]
[47, 193]
[48, 194]
[47, 193]
[48, 194]
[47, 193]
[48, 194]
[49, 195]
[48, 194]
[47, 193]
[48, 194]
[47, 193]
[48, 194]
[47, 193]
[48, 194]
[47, 193]
[48, 194]
[47, 193]
[48, 194]
[47, 193]
[48, 194]
[47, 193]
[48, 194]
[47, 193]
[48, 194]
[47, 193]
[48, 194]
[47, 194]
[48, 195]
[47, 195]
[48, 196]
[47, 196]
[48, 197]
[49, 196]
[48, 196]
[47, 196]
[48, 197]
[47, 197]
[48, 198]
[47, 198]
[48, 199]
[47, 199]
[47, 198]
[46, 198]
[47, 199]
[48, 200]
[47, 200]
[48, 201]
[48, 202]
