[104, 144]
[104, 143]
[104, 142]
[104, 141]
[104, 140]
[104, 139]
[104, 138]
[104, 137]
[104, 136]
[103, 135]
[103, 134]
[103, 133]
[103, 132]
[102, 131]
[102, 130]
[101, 129]
[100, 128]
[99, 127]
[98, 126]
[98, 127]
[97, 126]
[96, 125]
[95, 124]
[94, 123]
[93, 122]
[92, 121]
[91, 120]
[90, 119]
[89, 118]
[88, 117]
[87, 116]
[86, 115]
[85, 114]
[84, 113]
[83, 112]
[82, 111]
[81, 110]
[80, 111]
[80, 112]
[79, 113]
[78, 112]
[77, 111]
[76, 110]
[75, 109]
[74, 108]
[73, 107]
[72, 106]
[71, 105]
[70, 104]
[69, 103]
[68, 102]
[67, 101]
[66, 100]
[65, 99]
[64, 98]
[63, 97]
[62, 96]
[61, 95]
[62, 94]
[61, 93]
[62, 92]
[61, 91]
[62, 90]
[61, 89]
[62, 88]
[61, 87]
[62, 86]
[61, 85]
[62, 84]
[61, 83]
[62, 82]
[61, 81]
[62, 82]
[61, 81]
[62, 80]
[61, 79]
[62, 78]
[61, 77]
[62, 76]
[61, 75]
[62, 74]
[61, 73]
[62, 72]
[61, 72]
[62, 71]
[62, 70]
[62, 69]
[62, 68]
[62, 67]
[62, 66]
[62, 65]
[62, 64]
[62, 63]
[62, 62]
[62, 61]
[62, 60]
[62, 59]
[61, 59]
[61, 58]
[61, 57]
[61, 56]
[61, 55]
[61, 54]
[61, 53]
[61, 52]
[61, 51]
[61, 50]
[61, 49]
[61, 48]
[61, 47]
[60, 48]
[60, 47]
[60, 46]
[60, 45]
[60, 44]
[59, 44]
[59, 43]
[59, 42]
[59, 43]
[59, 42]
[59, 43]
[59, 42]
[59, 43]
[59, 42]
[59, 43]
[59, 42]
[59, 43]
[59, 42]
[58, 42]
[57, 42]
[56, 42]
[55, 42]
[54, 42]
[53, 42]
[53, 41]
[52, 41]
[51, 41]
[50, 41]
[49, 41]
[48, 41]
[47, 41]
[46, 41]
[47, 40]
[46, 40]
[45, 40]
[44, 40]
[43, 40]
[42, 40]
[41, 40]
[42, 39]
[41, 39]
[40, 39]
[39, 39]
[38, 39]
[37, 39]
[37, 40]
[36, 39]
[35, 39]
[34, 39]
[33, 39]
[32, 39]
[31, 39]
[30, 39]
[29, 39]
[28, 39]
[27, 39]
[26, 39]
[25, 39]
[24, 39]
[23, 39]
[22, 39]
[21, 39]
[20, 39]
[19, 39]
[20, 39]
[19, 39]
[18, 39]
[17, 39]
[18, 38]
[18, 39]
[18, 40]
[18, 41]
[18, 42]
[18, 43]
[19, 42]
[19, 43]
[20, 42]
[20, 43]
[21, 42]
[21, 43]
[22, 42]
[22, 43]
[23, 42]
[23, 43]
[24, 42]
[24, 43]
[25, 42]
[25, 43]
[26, 42]
[26, 43]
[27, 42]
[27, 43]
[28, 42]
[28, 43]
[29, 42]
[29, 43]
[30, 42]
[30, 41]
[30, 42]
[30, 43]
[31, 42]
[31, 43]
[32, 42]
[32, 43]
[33, 42]
[33, 43]
[34, 42]
[34, 43]
[35, 42]
[35, 43]
[36, 42]
[36, 43]
[37, 42]
[37, 43]
[38, 42]
[38, 43]
[39, 42]
[39, 43]
[40, 42]
[40, 43]
[41, 42]
[41, 43]
[40, 44]
[41, 43]
[42, 42]
[43, 41]
[44, 40]
[45, 39]
[46, 38]
[47, 37]
[48, 36]
[49, 35]
[50, 34]
[51, 33]
[52, 32]
[53, 31]
[54, 30]
[55, 29]
[56, 28]
[57, 27]
[58, 26]
[59, 25]
[58, 24]
[59, 23]
[60, 22]
[61, 21]
[62, 20]
[61, 19]
[62, 18]
[61, 17]
[62, 16]
[61, 15]
[62, 14]
[61, 13]
[62, 12]
[61, 11]
[62, 10]
[61, 9]
[62, 8]
[61, 7]
[62, 6]
[61, 5]
[62, 4]
[61, 3]
[62, 2]
[61, 1]
[62, 1]
[61, 1]
[60, 1]
[59, 1]
[58, 1]
[57, 1]
[56, 1]
[55, 1]
[54, 1]
[53, 1]
[52, 1]
[51, 1]
[50, 1]
[49, 1]
[48, 1]
[47, 1]
[46, 1]
[45, 1]
[44, 1]
[43, 1]
[42, 1]
[41, 1]
[40, 1]
[39, 1]
[38, 1]
[37, 1]
[36, 1]
[35, 1]
[34, 1]
[33, 1]
[32, 1]
[32, 2]
[31, 2]
[30, 2]
[29, 3]
[28, 3]
[27, 3]
[26, 3]
[25, 3]
[24, 3]
[23, 3]
[22, 3]
[21, 3]
[20, 3]
[19, 3]
[18, 3]
[17, 3]
[16, 3]
[15, 3]
[14, 3]
[13, 3]
[12, 3]
[11, 3]
[10, 3]
[11, 3]
[10, 3]
[9, 3]
[8, 3]
[7, 3]
[6, 3]
[5, 3]
[4, 3]
[3, 3]
[4, 4]
[3, 4]
[2, 4]
[2, 3]
[1, 3]
[1, 3]
[1, 3]
[1, 2]
[1, 2]
[1, 1]
[1, 1]
[1, 1]
[1, 1]
[1, 1]
[1, 1]
[1, 1]
[1, 1]
[1, 1]
[1, 1]
[1, 1]
[1, 1]
[1, 1]
[1, 1]
[1, 1]
[1, 1]
[1, 1]
[1, 1]
[1, 1]
[1, 1]
[1, 1]
[1, 1]
[1, 1]
[1, 1]
[1, 1]
[1, 1]
[1, 1]
[1, 1]
[2, 2]
[1, 2]
[1, 2]
[1, 2]
[1, 2]
[1, 2]
[1, 2]
[1, 2]
[1, 2]
[1, 2]
[1, 2]
[1, 2]
[1, 2]
[1, 2]
[1, 2]
[1, 2]
[1, 2]
[1, 2]
[1, 2]
[1, 2]
[1, 2]
[1, 2]
[1, 2]
[1, 2]
[1, 2]
[1, 2]
[1, 2]
[1, 2]
[1, 2]
[1, 2]
[1, 2]
[1, 2]
[1, 2]
[1, 2]
[1, 2]
[1, 2]
[1, 2]
[1, 2]
[1, 2]
[1, 2]
[1, 2]
[1, 2]
[1, 2]
[1, 2]
[1, 2]
[1, 2]
[1, 2]
[1, 2]
[1, 2]
[1, 2]
[1, 2]
[1, 2]
[1, 2]
[1, 2]
[1, 2]
[1, 2]
[1, 2]
[1, 2]
[1, 2]
[1, 2]
[1, 2]
[1, 2]
[1, 2]
[1, 2]
[1, 2]
[1, 2]
[2, 2]
[1, 2]
[1, 2]
[1, 2]
[1, 2]
[1, 2]
[1, 3]
[2, 3]
[1, 3]
[1, 3]
[2, 2]
[1, 2]
[1, 2]
[1, 2]
[1, 2]
[1, 2]
[1, 2]
[1, 2]
[1, 2]
[1, 2]
[1, 2]
[1, 2]
[1, 2]
[1, 2]
[1, 2]
[1, 2]
[1, 2]
[1, 2]
[1, 2]
[1, 2]
[1, 2]
[1, 2]
[1, 2]
[1, 2]
[1, 2]
[1, 2]
[1, 2]
[1, 2]
[1, 2]
[1, 2]
[1, 2]
[1, 2]
[1, 2]
[1, 2]
[1, 2]
[1, 2]
[1, 2]
[1, 2]
[1, 2]
[1, 2]
[1, 2]
[1, 2]
[1, 2]
[1, 2]
[1, 2]
[1, 2]
[1, 2]
[1, 2]
[2, 2]
[1, 2]
[1, 2]
[1, 2]
[1, 2]
[1, 2]
[1, 2]
[1, 2]
[1, 2]
[1, 1]
[1, 1]
[1, 1]
[1, 1]
[1, 1]
[1, 1]
[1, 1]
[1, 1]
[1, 1]
[1, 1]
[1, 1]
[1, 1]
[1, 1]
[1, 1]
[1, 1]
[1, 1]
[1, 1]
[1, 1]
[1, 1]
[1, 1]
[1, 1]
[1, 1]
[1, 1]
[1, 1]
[1, 1]
[1, 1]
[1, 1]
[1, 1]
[1, 1]
[1, 1]
[1, 1]
[1, 1]
[1, 1]
[1, 1]
[1, 1]
[1, 1]
[2, 1]
[1, 1]
[1, 1]
[1, 1]
[1, 1]
[1, 1]
[1, 1]
[1, 1]
[1, 1]
[1, 1]
[1, 1]
[1, 1]
[1, 1]
[1, 1]
[1, 1]
[1, 2]
[1, 2]
[2, 2]
[1, 2]
[1, 2]
[1, 2]
[2, 1]
[1, 1]
[1, 1]
[1, 1]
[1, 1]
[1, 1]
[1, 1]
[1, 1]
[1, 1]
[1, 1]
[1, 1]
[1, 1]
[1, 1]
[1, 1]
[1, 1]
[1, 1]
[1, 1]
[1, 1]
[1, 1]
[1, 1]
[1, 1]
[1, 1]
[1, 1]
[1, 1]
[1, 1]
[1, 1]
[1, 1]
[1, 1]
[1, 1]
[1, 1]
[2, 2]
[1, 2]
[1, 1]
[1, 1]
[1, 1]
[1, 1]
[1, 1]
[1, 1]
[1, 1]
[1, 1]
[1, 1]
[1, 1]
[1, 1]
[1, 1]
[1, 1]
[1, 1]
[1, 1]
[1, 1]
[1, 1]
[1, 1]
[1, 1]
[1, 1]
[1, 1]
[1, 1]
[1, 1]
[1, 1]
[1, 1]
[1, 1]
[1, 1]
[1, 1]
[1, 1]
[2, 1]
[2, 1]
[2, 1]
[2, 1]
[2, 1]
[2, 1]
[2, 2]
[2, 1]
[3, 1]
[3, 1]
[3, 1]
[3, 1]
[3, 1]
[3, 1]
[3, 1]
[3, 1]
[3, 1]
[3, 1]
[3, 1]
[3, 1]
[3, 1]
[3, 1]
[3, 1]
[3, 1]
[3, 1]
[3, 1]
[3, 1]
[3, 1]
[2, 1]
[2, 1]
[3, 1]
[3, 1]
[3, 1]
[3, 1]
[4, 2]
[4, 1]
[4, 1]
[4, 1]
[4, 1]
[4, 1]
[4, 1]
[4, 1]
[4, 1]
[4, 1]
[4, 1]
[4, 1]
[4, 1]
[5, 1]
[5, 1]
[5, 1]
[5, 1]
[4, 1]
[3, 1]
[2, 2]
[1, 2]
[1, 2]
[1, 2]
[1, 2]
[1, 2]
[1, 2]
[1, 2]
[1, 2]
[1, 2]
[1, 2]
[1, 2]
[1, 2]
[2, 2]
[1, 2]
[1, 2]
[1, 2]
[1, 2]
[1, 2]
[1, 2]
[1, 2]
[1, 2]
[1, 2]
[1, 2]
[1, 2]
[1, 2]
[1, 2]
[1, 2]
[1, 1]
[2, 1]
[3, 1]
[4, 1]
[5, 1]
[6, 1]
[7, 1]
[8, 1]
[9, 1]
[10, 1]
[11, 2]
[12, 3]
[13, 4]
[14, 5]
[15, 6]
[16, 7]
[17, 8]
[18, 9]
[19, 10]
[20, 11]
[21, 12]
[22, 13]
[23, 14]
[24, 15]
[24, 14]
[25, 15]
[26, 16]
[27, 17]
[28, 18]
[29, 19]
[30, 20]
[31, 21]
[32, 22]
[33, 23]
[34, 24]
[35, 25]
[36, 26]
[37, 27]
[38, 28]
[39, 29]
[40, 30]
[41, 31]
[42, 32]
[42, 33]
[43, 34]
[44, 35]
[45, 36]
[46, 37]
[47, 38]
[48, 39]
[49, 40]
[50, 41]
[51, 42]
[50, 41]
[51, 42]
[52, 43]
[53, 42]
[54, 43]
[55, 42]
[56, 43]
[57, 43]
[58, 42]
[59, 43]
[60, 43]
[61, 43]
[62, 43]
