[143, 269]
[143, 268]
[143, 267]
[144, 268]
[144, 267]
[144, 266]
[144, 265]
[144, 264]
[144, 263]
[144, 262]
[144, 261]
[144, 260]
[144, 259]
[144, 258]
[144, 257]
[144, 258]
[144, 257]
[144, 256]
[144, 255]
[144, 254]
[144, 253]
[144, 252]
[144, 251]
[144, 250]
[144, 249]
[144, 248]
[144, 247]
[144, 246]
[144, 245]
[144, 244]
[144, 243]
[145, 243]
[145, 242]
[146, 242]
[146, 241]
[146, 240]
[146, 239]
[146, 238]
[146, 237]
[146, 236]
[146, 235]
[146, 234]
[146, 233]
[146, 232]
[146, 231]
[146, 230]
[146, 229]
[146, 228]
[146, 227]
[146, 226]
[146, 225]
[145, 225]
[145, 224]
[145, 223]
[145, 222]
[145, 221]
[146, 220]
[146, 219]
[146, 218]
[146, 217]
[146, 216]
[146, 215]
[146, 214]
[146, 213]
[146, 212]
[146, 211]
[146, 210]
[146, 209]
[146, 208]
[146, 207]
[146, 206]
[147, 206]
[147, 205]
[147, 204]
[147, 203]
[147, 202]
[147, 201]
[147, 200]
[147, 199]
[147, 198]
[147, 197]
[147, 196]
[147, 195]
[147, 194]
[147, 193]
[147, 192]
[147, 191]
[147, 190]
[147, 189]
[148, 190]
[148, 189]
[148, 188]
[148, 187]
[148, 186]
[148, 185]
[148, 186]
[148, 185]
[147, 186]
[147, 185]
[147, 184]
[147, 183]
[147, 182]
[147, 181]
[147, 180]
[147, 179]
[147, 178]
[147, 177]
[147, 176]
[147, 175]
[147, 174]
[147, 173]
[148, 174]
[148, 173]
[148, 172]
[148, 171]
[148, 170]
[148, 169]
[148, 168]
[148, 167]
[148, 166]
[149, 166]
[149, 165]
[149, 164]
[149, 163]
[149, 162]
[149, 161]
[149, 160]
[149, 159]
[149, 158]
[149, 157]
[149, 156]
[149, 155]
[149, 154]
[149, 153]
[149, 152]
[149, 151]
[149, 150]
[150, 150]
[150, 149]
[150, 148]
[150, 147]
[150, 146]
[150, 145]
[150, 144]
[150, 143]
[150, 142]
[150, 141]
[150, 140]
[150, 139]
[150, 138]
[150, 137]
[150, 136]
[150, 135]
[150, 134]
[150, 133]
[150, 132]
[150, 131]
[150, 130]
[150, 129]
[150, 128]
[150, 127]
[150, 126]
[150, 125]
[150, 124]
[150, 123]
[150, 122]
[150, 121]
[150, 120]
[150, 119]
[151, 120]
[151, 119]
[151, 118]
[151, 117]
[151, 116]
[151, 115]
[151, 114]
[151, 113]
[151, 112]
[151, 111]
[151, 110]
[151, 109]
[151, 108]
[151, 107]
[151, 106]
[151, 105]
[151, 104]
[151, 103]
[151, 102]
[151, 101]
[151, 100]
[151, 99]
[151, 98]
[151, 97]
[151, 96]
[151, 95]
[151, 94]
[151, 93]
[151, 92]
[150, 91]
[150, 90]
[150, 89]
[150, 88]
[150, 87]
[150, 86]
[150, 85]
[150, 84]
[150, 83]
[150, 82]
[150, 81]
[150, 80]
[150, 79]
[150, 78]
[150, 77]
[150, 76]
[150, 75]
[150, 74]
[150, 73]
[150, 72]
[150, 71]
[150, 70]
[150, 69]
[150, 68]
[150, 67]
[150, 66]
[150, 65]
[150, 64]
[150, 63]
[150, 62]
[150, 61]
[150, 60]
[150, 59]
[150, 58]
[150, 57]
[150, 56]
[150, 55]
[150, 54]
[150, 53]
[150, 52]
[150, 51]
[150, 50]
[150, 49]
[150, 48]
[150, 47]
[150, 46]
[150, 45]
[150, 44]
[150, 43]
[150, 42]
[150, 41]
[150, 40]
[150, 39]
[150, 38]
[150, 37]
[150, 36]
[150, 35]
[150, 34]
[150, 33]
[150, 32]
[150, 31]
[150, 30]
[150, 29]
[150, 28]
[150, 27]
[150, 26]
[150, 25]
[151, 24]
[152, 23]
[153, 22]
[154, 21]
[155, 20]
[156, 19]
[157, 18]
[158, 17]
[159, 16]
[160, 17]
[161, 16]
[162, 15]
[163, 14]
[164, 13]
[165, 12]
[166, 11]
[167, 10]
[168, 9]
[169, 8]
[170, 7]
[171, 6]
[171, 7]
[172, 6]
[173, 5]
[174, 4]
[175, 3]
[176, 2]
[177, 1]
[178, 1]
[179, 1]
[180, 1]
[181, 1]
[182, 1]
[183, 1]
[184, 1]
[185, 2]
[186, 1]
[187, 1]
[188, 1]
[189, 1]
[190, 1]
[191, 1]
[192, 1]
[193, 1]
[194, 1]
[195, 1]
[196, 1]
[197, 1]
[198, 1]
[199, 1]
[200, 1]
[201, 1]
[202, 1]
[203, 1]
[204, 1]
[203, 1]
[204, 1]
[205, 1]
[206, 1]
[207, 1]
[208, 1]
[209, 1]
[210, 1]
[211, 1]
[212, 1]
[213, 1]
[214, 1]
[215, 1]
[216, 1]
[215, 1]
[216, 1]
[217, 1]
[216, 1]
[217, 1]
[218, 2]
[219, 3]
[220, 4]
[221, 5]
[222, 6]
[223, 7]
[224, 8]
[225, 9]
[226, 10]
[227, 11]
[228, 12]
[229, 13]
[230, 14]
[231, 15]
[232, 16]
[233, 15]
[234, 16]
[235, 17]
[236, 18]
[237, 19]
[238, 20]
[239, 21]
[240, 22]
[241, 23]
[242, 24]
[243, 25]
[244, 26]
[245, 27]
[246, 28]
[247, 29]
[248, 30]
[249, 31]
[250, 32]
[251, 33]
[252, 34]
[253, 35]
[254, 36]
[255, 37]
[256, 38]
[257, 39]
[258, 40]
[259, 41]
[260, 42]
[261, 43]
[262, 44]
[263, 45]
[264, 46]
[265, 47]
[266, 48]
[267, 49]
[268, 50]
[269, 51]
[270, 52]
[271, 53]
[272, 54]
[273, 55]
[272, 54]
[273, 55]
[272, 56]
[273, 57]
[272, 56]
[273, 57]
[272, 56]
[273, 57]
[272, 56]
[273, 57]
[272, 56]
[273, 57]
[272, 56]
[273, 57]
[272, 56]
[273, 57]
[272, 56]
[271, 56]
[272, 57]
[273, 56]
[272, 55]
[273, 56]
[272, 55]
[273, 56]
[272, 55]
[273, 56]
[272, 55]
[273, 56]
[272, 55]
[273, 56]
[274, 55]
[273, 54]
[274, 54]
[273, 53]
[272, 52]
[273, 53]
[272, 52]
[273, 53]
[272, 52]
[273, 53]
[272, 52]
[273, 53]
[272, 52]
[272, 51]
[271, 51]
[271, 50]
[271, 49]
[271, 48]
[271, 47]
[271, 46]
[271, 45]
[271, 44]
[271, 43]
[271, 42]
[271, 41]
[271, 40]
[271, 39]
[271, 38]
[270, 37]
[270, 36]
[271, 36]
[271, 35]
[271, 34]
[271, 33]
[271, 32]
[271, 31]
[271, 30]
[271, 29]
[271, 28]
[271, 27]
[271, 26]
[271, 25]
[271, 24]
[271, 23]
[271, 22]
[271, 21]
[271, 20]
[272, 19]
[272, 18]
[272, 17]
[272, 16]
[272, 15]
[272, 14]
[272, 13]
[272, 12]
[272, 11]
[271, 12]
[271, 11]
[271, 10]
[271, 9]
[271, 8]
[272, 7]
[272, 6]
[272, 5]
[272, 4]
[272, 3]
[272, 2]
[272, 1]
[273, 1]
[272, 1]
[273, 1]
[272, 1]
[273, 1]
[272, 1]
[273, 1]
[272, 1]
[273, 1]
[272, 1]
[271, 2]
[270, 3]
[269, 4]
[268, 5]
[267, 6]
[267, 7]
[266, 8]
[265, 9]
[264, 10]
[263, 11]
[262, 12]
[263, 11]
[263, 10]
[262, 11]
[261, 12]
[260, 13]
[259, 14]
[258, 15]
[257, 16]
[256, 17]
[255, 18]
[254, 19]
[253, 20]
[252, 21]
[251, 22]
[250, 23]
[249, 24]
[248, 25]
[247, 26]
[246, 26]
[245, 26]
[244, 26]
[243, 25]
[242, 26]
[241, 26]
[240, 26]
[241, 25]
[240, 26]
[239, 26]
[239, 25]
[238, 26]
[237, 26]
[236, 26]
[235, 26]
[234, 26]
[233, 26]
[232, 26]
[231, 26]
[230, 26]
[229, 26]
[228, 26]
[227, 26]
[226, 26]
[225, 26]
[224, 26]
[225, 27]
[224, 27]
[223, 27]
[222, 27]
[221, 27]
[220, 27]
[219, 27]
[218, 27]
[217, 27]
[216, 27]
[215, 27]
[214, 27]
[213, 27]
[212, 27]
[211, 27]
[210, 27]
[209, 27]
[208, 27]
[207, 27]
[207, 28]
[206, 28]
[205, 28]
[204, 29]
[203, 29]
[202, 29]
[201, 29]
[200, 29]
[199, 29]
[198, 29]
[197, 29]
[196, 29]
[195, 29]
[194, 29]
[193, 29]
[192, 29]
[191, 28]
[190, 28]
[189, 29]
[188, 29]
[187, 29]
[186, 29]
[185, 29]
[184, 29]
[183, 29]
[182, 29]
[181, 29]
[180, 29]
[179, 29]
[178, 29]
[177, 29]
[176, 29]
[175, 29]
[174, 29]
[173, 29]
[172, 29]
[171, 29]
[170, 29]
[169, 29]
[168, 29]
[167, 28]
[166, 28]
[165, 28]
[164, 29]
[163, 29]
[162, 29]
[161, 29]
[160, 29]
[159, 29]
[160, 29]
[159, 29]
[158, 29]
[157, 29]
[158, 30]
[157, 30]
[156, 30]
[155, 30]
[154, 30]
[153, 30]
[154, 30]
[153, 30]
[152, 30]
[151, 30]
[150, 30]
[149, 30]
[148, 30]
[147, 30]
[146, 30]
[145, 30]
[144, 30]
[143, 30]
[142, 30]
[141, 30]
[140, 30]
[139, 30]
[138, 30]
[137, 30]
[136, 30]
[135, 30]
[134, 30]
[133, 30]
[132, 30]
[131, 30]
[131, 29]
[130, 29]
[129, 29]
[128, 29]
[127, 29]
[126, 29]
[125, 29]
[124, 29]
[125, 30]
[126, 31]
[127, 32]
[128, 33]
[129, 34]
[130, 35]
[131, 36]
[132, 37]
[133, 38]
[134, 39]
[135, 40]
[136, 41]
[137, 42]
[138, 41]
[139, 42]
[140, 43]
[141, 44]
[141, 45]
[142, 46]
[141, 46]
[142, 47]
[143, 48]
[144, 49]
[145, 50]
[146, 51]
[147, 52]
[148, 53]
[149, 54]
[150, 55]
[151, 56]
[152, 57]
[151, 58]
[151, 59]
[152, 60]
[153, 61]
[154, 62]
[155, 63]
[156, 64]
[157, 65]
[158, 66]
[159, 67]
[160, 68]
[161, 69]
[162, 70]
[161, 71]
[162, 72]
[163, 73]
[162, 73]
[163, 74]
[164, 75]
[165, 76]
[166, 77]
[165, 77]
[166, 78]
[167, 79]
[168, 80]
[168, 81]
[169, 82]
[170, 83]
[171, 84]
[172, 85]
[171, 84]
[172, 85]
[173, 86]
[174, 87]
[175, 88]
[176, 89]
[177, 90]
[178, 91]
[179, 92]
[180, 93]
[181, 94]
[182, 95]
[183, 96]
[184, 97]
[185, 98]
[186, 99]
[187, 100]
[188, 101]
[189, 102]
[190, 103]
[191, 104]
[192, 105]
[193, 106]
[194, 107]
[193, 106]
[192, 105]
[191, 104]
[191, 105]
[190, 104]
[189, 103]
[188, 102]
[187, 101]
[186, 100]
[185, 99]
[184, 98]
[183, 97]
[182, 96]
[182, 97]
[182, 98]
[181, 97]
[180, 96]
[179, 95]
[178, 94]
[177, 93]
[176, 92]
[175, 91]
[174, 90]
[173, 89]
[172, 88]
[171, 87]
[170, 86]
[169, 85]
[168, 84]
[167, 84]
[166, 83]
[165, 82]
[164, 81]
[163, 80]
[162, 79]
[163, 80]
[164, 81]
[165, 82]
[166, 83]
[167, 84]
[168, 85]
[169, 86]
[170, 87]
[171, 88]
[172, 89]
[173, 90]
[174, 91]
[175, 92]
[175, 91]
[176, 92]
[177, 93]
[178, 94]
[179, 95]
[180, 96]
[181, 97]
[182, 98]
[183, 99]
[182, 100]
[183, 101]
[182, 102]
[183, 103]
[184, 104]
[185, 105]
[186, 106]
[187, 107]
[188, 108]
[189, 109]
[190, 110]
[191, 111]
[192, 112]
[191, 111]
[190, 110]
[189, 109]
[188, 108]
[187, 107]
[186, 108]
[185, 109]
[184, 110]
[183, 111]
[182, 112]
[181, 113]
[180, 112]
[181, 111]
[180, 112]
[179, 113]
[178, 114]
[177, 115]
[176, 116]
[175, 117]
[174, 118]
[173, 119]
[172, 120]
[171, 121]
[170, 122]
[169, 123]
[168, 124]
[167, 124]
[166, 125]
[165, 126]
[164, 127]
[163, 128]
[162, 129]
[161, 130]
[160, 131]
[159, 132]
[158, 133]
[157, 134]
[156, 135]
[155, 136]
[154, 137]
[153, 138]
[152, 139]
[151, 140]
[150, 141]
[149, 142]
[150, 141]
[149, 142]
[148, 143]
[147, 144]
[146, 145]
[145, 146]
[144, 147]
[143, 148]
[142, 149]
[141, 150]
[141, 149]
[141, 148]
[141, 147]
[141, 146]
[141, 145]
[141, 144]
[141, 143]
[141, 142]
[141, 141]
[141, 140]
[141, 139]
[141, 138]
[141, 137]
[141, 136]
[141, 135]
[141, 134]
[141, 133]
[141, 132]
[141, 131]
[141, 130]
[141, 129]
[141, 128]
[141, 127]
[141, 126]
[141, 125]
[141, 124]
[141, 123]
[141, 122]
[141, 121]
[141, 120]
[141, 119]
[141, 118]
[141, 117]
[141, 116]
[141, 115]
[141, 114]
[141, 113]
[141, 112]
[141, 111]
[140, 111]
[140, 110]
[140, 109]
[140, 108]
[140, 107]
[140, 106]
[140, 105]
[140, 104]
[140, 103]
[140, 102]
[140, 101]
[140, 100]
[140, 99]
[140, 98]
[140, 97]
[140, 96]
[140, 95]
[140, 94]
[140, 93]
[140, 92]
[140, 91]
[140, 90]
[140, 89]
[140, 88]
[140, 87]
[140, 86]
[141, 87]
[142, 88]
[143, 89]
[143, 90]
[144, 91]
[145, 92]
[146, 93]
[147, 94]
[148, 95]
[149, 96]
[150, 97]
[151, 98]
[152, 99]
[153, 100]
[154, 101]
[155, 102]
[156, 103]
[157, 104]
[158, 105]
[157, 104]
[158, 105]
[159, 106]
[160, 107]
[161, 108]
[162, 109]
[163, 110]
[163, 109]
[164, 110]
[165, 111]
[166, 112]
[167, 113]
[168, 114]
[169, 115]
[170, 116]
[171, 117]
[172, 118]
[173, 119]
[174, 120]
[175, 121]
[176, 122]
[177, 121]
[178, 122]
[179, 123]
[180, 124]
[181, 125]
[182, 126]
[183, 127]
[184, 128]
[185, 129]
[186, 129]
[187, 130]
[188, 131]
[189, 132]
[190, 133]
[191, 134]
[192, 135]
[193, 136]
[194, 137]
[195, 138]
[194, 138]
[195, 139]
[196, 140]
[197, 141]
[198, 142]
[198, 141]
[199, 142]
[200, 143]
[201, 144]
[202, 145]
[203, 146]
[204, 147]
[205, 148]
[206, 147]
[207, 148]
[208, 149]
[209, 150]
[210, 151]
[211, 152]
[212, 153]
[213, 154]
[214, 155]
[215, 156]
[216, 157]
[217, 158]
[218, 159]
[219, 160]
[220, 161]
[221, 162]
[222, 163]
[221, 162]
[222, 163]
[223, 164]
[224, 165]
[225, 166]
[226, 167]
[227, 168]
[228, 169]
[227, 168]
[228, 169]
[229, 170]
[230, 171]
[231, 172]
[232, 173]
[233, 174]
[234, 175]
[233, 174]
[232, 174]
[231, 173]
[230, 172]
[229, 171]
[228, 170]
[227, 169]
[226, 168]
[225, 167]
[224, 166]
[223, 165]
[222, 164]
[221, 165]
[220, 164]
[219, 163]
[218, 162]
[217, 161]
[216, 160]
[215, 159]
[215, 158]
[214, 157]
[213, 156]
[212, 155]
[211, 154]
[210, 153]
[209, 152]
[208, 151]
[207, 150]
[206, 149]
[205, 148]
[204, 147]
[203, 146]
[202, 145]
[201, 144]
[200, 143]
[199, 142]
[198, 141]
[197, 140]
[196, 139]
[195, 138]
[194, 137]
[195, 137]
[194, 136]
[193, 135]
[192, 134]
[191, 133]
[190, 132]
[189, 131]
[188, 130]
[187, 129]
[186, 128]
[185, 127]
[184, 126]
[183, 125]
[182, 124]
[181, 123]
[180, 122]
[179, 121]
[178, 120]
[177, 119]
[176, 118]
[175, 117]
[174, 116]
[173, 115]
[172, 114]
[173, 115]
[172, 114]
[172, 115]
[171, 114]
[170, 113]
[169, 113]
[170, 112]
[169, 111]
[168, 110]
[169, 109]
[168, 108]
[167, 107]
[166, 106]
[165, 105]
[164, 104]
[163, 103]
[162, 104]
[162, 105]
[161, 104]
[160, 103]
[159, 103]
[158, 102]
[157, 101]
[156, 100]
[155, 99]
[154, 98]
[153, 97]
[152, 96]
[151, 95]
[150, 94]
[149, 93]
[148, 92]
[147, 91]
[146, 90]
[145, 89]
[144, 88]
[143, 87]
[142, 86]
[141, 85]
[140, 84]
[141, 83]
[142, 82]
[143, 81]
[143, 82]
[144, 81]
[145, 80]
[145, 79]
[146, 78]
[147, 77]
[148, 76]
[149, 75]
[150, 74]
[151, 73]
[152, 72]
[153, 71]
[154, 70]
[155, 69]
[156, 68]
[157, 67]
[158, 66]
[159, 65]
[160, 64]
[161, 63]
[162, 62]
[163, 61]
[164, 60]
[165, 59]
[166, 58]
[167, 57]
[168, 56]
[169, 55]
[170, 54]
[171, 53]
[172, 52]
[173, 51]
[174, 50]
[175, 49]
[176, 48]
[177, 47]
[178, 46]
[179, 45]
[180, 44]
[181, 43]
[182, 42]
[183, 41]
[184, 40]
[185, 39]
[186, 38]
[187, 37]
[188, 36]
[189, 35]
[190, 34]
[191, 33]
[190, 33]
[191, 32]
[192, 31]
[193, 30]
[194, 29]
[195, 28]
[196, 27]
[195, 28]
[194, 29]
[193, 30]
[192, 31]
[191, 32]
[190, 33]
[189, 34]
[188, 35]
[187, 36]
[186, 37]
[185, 38]
[184, 39]
[183, 40]
[182, 41]
[181, 42]
[180, 43]
[179, 44]
[178, 45]
[179, 46]
[180, 47]
[179, 48]
[178, 49]
[177, 50]
[176, 51]
[175, 52]
[174, 53]
[173, 54]
[172, 55]
[171, 56]
[170, 57]
[171, 57]
[170, 58]
[169, 59]
[168, 60]
[167, 61]
[166, 62]
[165, 63]
[164, 64]
[163, 65]
[162, 66]
[161, 67]
[160, 68]
[159, 69]
[158, 69]
[157, 70]
[156, 71]
[155, 72]
[154, 73]
[153, 74]
[152, 75]
[151, 76]
[150, 77]
[149, 78]
[148, 79]
[147, 80]
[146, 81]
[145, 82]
[144, 83]
[143, 84]
[142, 85]
[143, 84]
[144, 83]
[145, 82]
[146, 81]
[147, 80]
[148, 79]
[149, 78]
[150, 77]
[151, 76]
[152, 75]
[153, 74]
[154, 73]
[155, 72]
[156, 71]
[157, 70]
[158, 69]
[159, 68]
[160, 67]
[161, 66]
[162, 65]
[163, 64]
[164, 63]
[165, 62]
[166, 61]
[167, 60]
[168, 59]
[169, 58]
[169, 57]
[170, 56]
[171, 55]
[172, 54]
[173, 53]
[174, 52]
[175, 51]
[176, 50]
[177, 49]
[178, 48]
[179, 47]
[180, 46]
[181, 45]
[182, 44]
[183, 43]
[184, 42]
[185, 41]
[186, 40]
[187, 39]
[188, 38]
[189, 37]
[190, 36]
[191, 35]
[192, 34]
[193, 33]
[194, 32]
[195, 31]
[196, 30]
[197, 29]
[198, 28]
[199, 27]
[200, 26]
[201, 25]
[201, 24]
[201, 23]
[201, 22]
[201, 23]
[201, 22]
[201, 21]
[201, 20]
[201, 19]
[201, 20]
[201, 19]
[201, 18]
[201, 17]
[201, 16]
[201, 15]
[201, 14]
[201, 13]
[201, 12]
[201, 11]
[201, 10]
[201, 9]
[201, 8]
[201, 7]
[201, 6]
[201, 5]
[201, 4]
[201, 3]
[201, 2]
[201, 1]
[200, 1]
[200, 1]
[200, 1]
[200, 1]
[200, 1]
[200, 1]
[200, 1]
[200, 1]
[200, 1]
[200, 1]
[200, 1]
[200, 1]
[200, 2]
[200, 3]
[200, 4]
[200, 5]
[200, 6]
[200, 5]
[200, 6]
[200, 7]
[200, 8]
[200, 9]
[200, 10]
[200, 11]
[200, 12]
[200, 13]
[200, 14]
[200, 15]
[200, 16]
[200, 17]
[200, 18]
[200, 19]
[200, 20]
[200, 21]
[200, 22]
[200, 23]
[200, 24]
[200, 25]
[200, 26]
[201, 25]
[201, 26]
[202, 25]
[202, 26]
[203, 27]
[204, 28]
[205, 29]
[206, 30]
[207, 31]
[208, 32]
[209, 33]
[210, 34]
[211, 35]
[212, 36]
[213, 37]
[214, 37]
[215, 38]
[216, 39]
[217, 38]
[216, 38]
[217, 37]
[218, 36]
[219, 35]
[219, 34]
[220, 33]
[221, 32]
[222, 31]
[223, 30]
[224, 29]
[225, 28]
[226, 27]
[227, 28]
[228, 27]
[229, 26]
[230, 25]
[231, 26]
[230, 25]
[231, 26]
[232, 25]
[233, 26]
[234, 25]
[235, 26]
[236, 25]
[237, 26]
[238, 25]
[239, 26]
[240, 25]
[241, 26]
[242, 25]
[243, 26]
[244, 25]
[245, 26]
[246, 25]
[247, 26]
[248, 25]
[249, 24]
[250, 25]
[251, 26]
[252, 26]
[253, 25]
[254, 25]
[255, 24]
[256, 23]
[255, 22]
[256, 21]
[257, 20]
[258, 19]
[259, 18]
[260, 17]
[261, 16]
[262, 15]
[263, 14]
[264, 13]
[265, 12]
[266, 11]
[267, 10]
[268, 9]
[269, 8]
[270, 7]
[271, 6]
[272, 5]
[272, 4]
[273, 3]
[272, 2]
[273, 1]
[272, 1]
[273, 1]
[272, 1]
[273, 1]
[272, 1]
[273, 1]
[272, 1]
[273, 1]
[272, 1]
[273, 1]
[272, 1]
[273, 1]
[272, 1]
[273, 1]
[272, 1]
[273, 1]
[272, 1]
[273, 1]
[273, 1]
[272, 1]
[273, 1]
[272, 1]
[273, 1]
[272, 1]
[273, 1]
[272, 1]
[273, 1]
[272, 1]
[273, 1]
[272, 1]
[273, 1]
[272, 1]
[273, 1]
[272, 1]
[273, 1]
[272, 1]
[273, 1]
[272, 1]
[273, 1]
[272, 1]
[273, 1]
[272, 1]
[273, 1]
[272, 1]
[273, 1]
[272, 1]
[273, 1]
[272, 1]
[271, 2]
[270, 3]
[271, 4]
[272, 4]
[271, 5]
[270, 6]
[269, 7]
[268, 8]
[267, 9]
[266, 10]
[265, 9]
[264, 10]
[263, 11]
[262, 12]
[261, 13]
[261, 14]
[260, 15]
[259, 16]
[258, 17]
[257, 18]
[256, 19]
[255, 20]
[254, 21]
[253, 22]
[252, 23]
[251, 24]
[250, 25]
[249, 26]
[250, 25]
[249, 24]
[248, 25]
[247, 26]
[248, 25]
[247, 26]
[248, 25]
[247, 26]
[246, 27]
[245, 28]
[244, 29]
[243, 30]
[242, 31]
[241, 32]
[240, 33]
[239, 34]
[238, 35]
[237, 36]
[236, 37]
[235, 38]
[234, 39]
[233, 40]
[232, 41]
[231, 42]
[230, 43]
[229, 44]
[228, 43]
[227, 44]
[226, 45]
[225, 46]
[224, 47]
[223, 48]
[224, 47]
[225, 46]
[226, 45]
[227, 44]
[228, 43]
[229, 42]
[230, 41]
[231, 40]
[232, 39]
[233, 38]
[234, 38]
[235, 37]
[236, 36]
[237, 35]
[238, 34]
[238, 33]
[239, 32]
[240, 31]
[241, 30]
[242, 29]
[243, 28]
[244, 27]
[245, 26]
[246, 25]
[247, 25]
[248, 25]
[249, 25]
[250, 25]
[251, 25]
[252, 25]
[253, 25]
[254, 25]
[255, 25]
[256, 25]
[256, 24]
[257, 24]
[258, 24]
[259, 24]
[260, 24]
[261, 24]
[262, 24]
[263, 24]
[262, 23]
[263, 23]
[264, 24]
[265, 24]
[266, 24]
[267, 24]
[268, 24]
[269, 24]
[270, 24]
[271, 24]
[272, 24]
[271, 23]
[272, 23]
[273, 23]
[272, 22]
[273, 22]
[272, 21]
[273, 21]
[272, 20]
[273, 20]
[272, 19]
[273, 19]
[272, 18]
[273, 18]
[272, 17]
[273, 17]
[272, 16]
[273, 16]
[272, 15]
[273, 15]
[272, 14]
[273, 14]
[272, 13]
[273, 13]
[272, 12]
[273, 12]
[272, 11]
[273, 11]
[272, 10]
[273, 10]
[274, 11]
[273, 10]
[272, 9]
[273, 9]
[272, 8]
[271, 9]
[272, 9]
[273, 9]
[272, 8]
[273, 8]
[272, 7]
[273, 7]
[272, 6]
[271, 7]
[272, 7]
[273, 7]
[272, 6]
[273, 6]
[272, 5]
[273, 5]
[274, 5]
[273, 4]
[272, 3]
[273, 3]
[272, 2]
[273, 2]
[272, 1]
[273, 1]
[272, 1]
[273, 1]
[272, 1]
[273, 1]
[272, 1]
[273, 1]
[272, 1]
[273, 1]
[272, 1]
[273, 1]
[272, 1]
[273, 1]
[272, 1]
[273, 1]
[272, 1]
[272, 1]
[273, 1]
[272, 1]
[273, 1]
[272, 1]
[273, 1]
[272, 1]
[273, 1]
[272, 1]
[273, 1]
[272, 1]
[273, 1]
[272, 1]
[273, 1]
[272, 1]
[273, 1]
[272, 1]
[273, 1]
[272, 1]
[273, 1]
[272, 1]
[273, 1]
[272, 1]
[273, 1]
[272, 1]
[273, 1]
[272, 1]
[273, 1]
[272, 1]
[273, 1]
[272, 1]
[273, 1]
[272, 1]
[273, 1]
[272, 1]
[273, 1]
[272, 1]
[273, 1]
[272, 1]
[273, 1]
[272, 1]
[273, 1]
[272, 1]
[273, 1]
[272, 1]
[273, 1]
[272, 1]
[273, 1]
[272, 1]
[273, 1]
[272, 1]
[273, 1]
[272, 1]
[273, 1]
[272, 1]
[273, 1]
[272, 1]
[273, 1]
[272, 1]
[273, 1]
[272, 1]
[273, 1]
[272, 1]
[273, 1]
[272, 1]
[273, 1]
[272, 1]
[273, 1]
[272, 1]
[273, 1]
[272, 1]
[273, 1]
[272, 1]
[273, 1]
[272, 1]
[273, 1]
[272, 1]
[273, 1]
[272, 1]
[273, 1]
[272, 1]
[273, 1]
[272, 1]
[273, 1]
[272, 1]
[273, 1]
[272, 1]
[273, 1]
[272, 1]
[273, 1]
[272, 1]
[273, 1]
[272, 1]
[273, 1]
[272, 1]
[273, 1]
[272, 1]
[273, 1]
[274, 1]
[273, 1]
[272, 1]
[273, 1]
[272, 1]
[272, 2]
[273, 2]
[272, 1]
[272, 2]
[272, 3]
[272, 4]
[272, 5]
[272, 6]
[272, 7]
[272, 8]
[272, 9]
[272, 10]
[272, 11]
[272, 12]
[272, 13]
[272, 14]
[272, 15]
[272, 16]
[272, 17]
[272, 18]
[272, 19]
[272, 18]
[272, 19]
[272, 20]
[272, 21]
[272, 22]
[272, 23]
[272, 24]
[272, 25]
[272, 26]
[273, 25]
[272, 24]
[272, 25]
[272, 26]
[273, 25]
[272, 24]
[272, 25]
[272, 26]
[273, 25]
[272, 24]
[272, 25]
[272, 26]
[273, 25]
[272, 24]
[272, 25]
[272, 26]
[273, 25]
[272, 24]
[272, 25]
[272, 26]
[273, 25]
[272, 24]
[272, 25]
[272, 26]
[273, 25]
[272, 24]
[272, 25]
[273, 24]
[273, 23]
[272, 22]
[272, 23]
[272, 24]
[272, 25]
[272, 26]
[273, 25]
[272, 24]
[272, 25]
[272, 26]
[273, 25]
[272, 24]
[272, 25]
[272, 26]
[273, 27]
[272, 26]
[273, 25]
[272, 24]
[272, 25]
[272, 26]
[273, 25]
[272, 24]
[273, 25]
[272, 24]
[272, 25]
[272, 26]
[273, 25]
[272, 24]
[272, 25]
[272, 26]
[273, 25]
[272, 24]
[272, 25]
[272, 26]
[273, 25]
[272, 24]
[272, 25]
[272, 26]
[273, 25]
[272, 24]
[272, 25]
[272, 26]
[273, 25]
[272, 24]
[272, 25]
[272, 26]
[273, 25]
[272, 24]
[272, 25]
[272, 26]
[273, 25]
[272, 24]
[272, 25]
[272, 26]
[273, 25]
[272, 24]
[272, 23]
[272, 22]
[272, 21]
[272, 20]
[272, 19]
[272, 18]
[272, 17]
[272, 16]
[272, 15]
[272, 14]
[272, 13]
[272, 12]
[272, 11]
[272, 10]
[272, 9]
[272, 8]
[272, 7]
[272, 6]
[272, 7]
[271, 6]
[271, 7]
[271, 8]
[271, 9]
[271, 10]
[271, 11]
[271, 12]
[271, 13]
[270, 12]
[270, 13]
[270, 14]
[270, 15]
[270, 16]
[270, 15]
[270, 16]
[270, 17]
[271, 16]
[271, 17]
[271, 18]
[271, 19]
[271, 20]
[271, 21]
[271, 22]
[271, 23]
[271, 24]
[271, 25]
[271, 26]
[272, 25]
[272, 26]
[273, 25]
[272, 24]
[272, 25]
[272, 26]
[273, 25]
[272, 24]
[272, 25]
[272, 26]
[273, 25]
[272, 24]
[272, 25]
[272, 26]
[273, 25]
[272, 24]
[272, 25]
[272, 26]
[273, 25]
[272, 24]
[272, 25]
[272, 26]
[273, 25]
[272, 24]
[272, 25]
[272, 26]
[273, 25]
[272, 24]
[272, 25]
[272, 26]
[273, 25]
[272, 24]
[272, 25]
[272, 26]
[273, 25]
[272, 24]
[272, 25]
[272, 26]
[273, 25]
[272, 24]
[272, 25]
[272, 26]
[273, 25]
[272, 24]
[272, 25]
[272, 26]
[272, 27]
[273, 26]
