[187, 44]
[186, 45]
[185, 46]
[184, 47]
[183, 48]
[182, 49]
[182, 48]
[181, 49]
[180, 50]
[179, 51]
[178, 52]
[178, 53]
[177, 54]
[176, 55]
[175, 55]
[176, 56]
[175, 57]
[176, 58]
[177, 59]
[178, 60]
[179, 61]
[180, 62]
[181, 62]
[182, 63]
[183, 62]
[184, 63]
[185, 64]
[186, 65]
[187, 64]
[188, 65]
[189, 66]
[188, 66]
[189, 67]
[190, 68]
[191, 69]
[192, 70]
[193, 71]
[194, 72]
[195, 73]
[196, 74]
[197, 75]
[198, 76]
[199, 77]
[200, 78]
[201, 79]
[200, 80]
[199, 81]
[198, 82]
[197, 83]
[196, 84]
[195, 85]
[194, 86]
[193, 87]
[192, 88]
[191, 89]
[190, 90]
[189, 91]
[188, 92]
[187, 93]
[186, 94]
[187, 95]
[188, 96]
[189, 97]
[190, 98]
[189, 98]
[190, 99]
[191, 100]
[192, 101]
[193, 102]
[194, 103]
[195, 104]
[196, 105]
[197, 106]
[198, 107]
[199, 106]
[200, 107]
[201, 108]
[202, 109]
[203, 110]
[204, 111]
[205, 112]
[206, 113]
[207, 114]
[208, 115]
[209, 116]
[210, 117]
[211, 118]
[212, 119]
[213, 120]
[214, 121]
[215, 122]
[216, 123]
[217, 124]
[218, 125]
[219, 126]
[220, 127]
[221, 128]
[220, 129]
[221, 130]
[222, 131]
[223, 132]
[224, 133]
[225, 134]
[226, 135]
[227, 136]
[228, 137]
[227, 137]
[228, 138]
[229, 139]
[230, 140]
[231, 141]
[232, 142]
[233, 143]
[234, 144]
[235, 145]
[236, 146]
[237, 147]
[238, 148]
[239, 149]
[240, 150]
[241, 151]
[242, 152]
[243, 153]
[244, 154]
[245, 155]
[244, 154]
[245, 155]
[246, 156]
[247, 157]
[248, 158]
[247, 159]
[246, 160]
[245, 161]
[244, 162]
[243, 163]
[242, 164]
[242, 163]
[241, 164]
[240, 165]
[239, 166]
[238, 167]
[237, 168]
[236, 169]
[235, 170]
[234, 171]
[233, 172]
[232, 173]
[231, 174]
[230, 175]
[229, 176]
[228, 177]
[227, 178]
[226, 179]
[225, 180]
[225, 181]
[224, 182]
[223, 183]
[222, 184]
[221, 185]
[220, 186]
[219, 187]
[218, 188]
[217, 189]
[216, 190]
[215, 191]
[214, 192]
[213, 193]
[212, 194]
[211, 195]
[210, 196]
[209, 197]
[208, 198]
[207, 199]
[206, 200]
[205, 201]
[204, 202]
[203, 203]
[202, 203]
[201, 203]
[200, 203]
[199, 203]
[198, 203]
[197, 203]
[196, 203]
[195, 203]
[194, 203]
[193, 203]
[192, 203]
[191, 203]
[190, 203]
[189, 203]
[188, 203]
[187, 203]
[186, 203]
[185, 203]
[184, 203]
[183, 203]
[182, 203]
[181, 204]
[180, 204]
[179, 204]
[178, 204]
[177, 204]
[176, 204]
[175, 204]
[174, 204]
[173, 204]
[172, 204]
[171, 204]
[170, 204]
[169, 204]
[168, 205]
[167, 205]
[166, 205]
[165, 205]
[164, 205]
[163, 205]
[162, 205]
[161, 205]
[160, 205]
[159, 205]
[158, 205]
[157, 205]
[156, 205]
[155, 205]
[154, 205]
[153, 205]
[152, 205]
[151, 205]
[151, 204]
[150, 204]
[149, 204]
[148, 204]
[147, 204]
[146, 204]
[145, 204]
[144, 204]
[143, 204]
[143, 203]
[142, 203]
[141, 203]
[140, 203]
[139, 203]
[138, 203]
[137, 203]
[136, 203]
[137, 203]
[136, 203]
[135, 203]
[134, 203]
[133, 203]
[132, 203]
[131, 203]
[130, 203]
[129, 203]
[128, 203]
[127, 203]
[126, 203]
