[239, 259]
[240, 258]
[239, 257]
[238, 256]
[237, 255]
[236, 254]
[235, 253]
[234, 252]
[233, 251]
[232, 250]
[231, 249]
[230, 248]
[229, 247]
[228, 246]
[227, 245]
[226, 244]
[225, 243]
[224, 242]
[223, 241]
[222, 240]
[221, 239]
[222, 239]
[221, 238]
[220, 237]
[219, 236]
[218, 235]
[217, 234]
[216, 233]
[215, 232]
[214, 231]
[213, 230]
[212, 229]
[211, 228]
[210, 227]
[209, 226]
[210, 227]
[211, 227]
[210, 226]
[209, 225]
[208, 224]
[207, 223]
[206, 222]
[205, 221]
[204, 220]
[203, 219]
[202, 218]
[201, 217]
[200, 216]
[199, 215]
[198, 214]
[197, 213]
[196, 212]
[195, 211]
[196, 211]
[195, 210]
[194, 209]
[193, 208]
[192, 207]
[191, 206]
[190, 205]
[189, 204]
[188, 203]
[187, 202]
[186, 201]
[185, 200]
[184, 199]
[183, 198]
[182, 197]
[181, 196]
[180, 195]
[179, 194]
[179, 193]
[178, 192]
[177, 191]
[176, 190]
[175, 189]
[174, 188]
[173, 187]
[172, 186]
[171, 185]
[172, 186]
[171, 185]
[170, 184]
[169, 183]
[168, 182]
[167, 181]
[166, 180]
[165, 179]
[164, 178]
[163, 177]
[162, 176]
[161, 175]
[160, 174]
[159, 173]
[158, 172]
[157, 171]
[156, 170]
[155, 169]
[154, 168]
[153, 167]
[152, 166]
[151, 165]
[150, 164]
[149, 163]
[148, 162]
[147, 161]
[146, 160]
[145, 159]
[144, 158]
[143, 157]
[144, 158]
[143, 157]
[142, 156]
[141, 155]
[140, 154]
[139, 153]
[138, 152]
[137, 151]
[136, 150]
[135, 149]
[134, 148]
[133, 147]
[132, 146]
[131, 145]
[130, 144]
[129, 143]
[128, 142]
[127, 141]
[126, 140]
[125, 139]
[124, 138]
[123, 137]
[122, 136]
[121, 135]
[120, 134]
[119, 133]
[118, 132]
[117, 131]
[116, 130]
[115, 129]
[114, 128]
[113, 127]
[112, 126]
[111, 125]
[110, 124]
[109, 123]
[108, 122]
[109, 122]
[109, 121]
[108, 120]
[107, 119]
[106, 118]
[105, 117]
[104, 116]
[103, 115]
[102, 114]
[101, 113]
[100, 112]
[99, 111]
[98, 110]
[97, 109]
[96, 108]
[95, 107]
[94, 106]
[93, 105]
[92, 104]
[91, 103]
[90, 102]
[89, 101]
[88, 100]
[87, 99]
[86, 98]
[85, 97]
[84, 96]
[83, 95]
[82, 94]
[81, 93]
[80, 92]
[79, 91]
[78, 90]
[78, 89]
[77, 88]
[76, 87]
[75, 86]
[74, 85]
[73, 84]
[72, 83]
[71, 83]
[70, 82]
[69, 81]
[68, 80]
[67, 79]
[66, 78]
[65, 77]
[64, 76]
[63, 75]
[62, 74]
[61, 74]
[60, 73]
[59, 72]
[58, 71]
[57, 70]
[57, 71]
[56, 70]
[55, 69]
[54, 68]
[53, 67]
[52, 66]
[51, 65]
[50, 64]
[49, 63]
[48, 62]
[47, 61]
[46, 60]
[45, 59]
[44, 58]
[45, 57]
[44, 56]
[43, 55]
[42, 54]
[41, 55]
[40, 54]
[39, 53]
[38, 52]
[37, 51]
[36, 50]
[35, 49]
[34, 48]
[33, 47]
[32, 46]
[31, 45]
[30, 44]
[29, 43]
[28, 42]
[27, 41]
[26, 40]
[25, 39]
[24, 38]
[23, 37]
[23, 36]
[22, 35]
[21, 34]
[20, 33]
[19, 32]
[18, 31]
[17, 30]
[18, 30]
[18, 29]
[19, 29]
[20, 29]
[21, 29]
[22, 29]
[23, 29]
[23, 28]
[24, 28]
[25, 28]
[26, 28]
[27, 28]
[28, 28]
[29, 28]
[30, 28]
[31, 28]
[32, 28]
[33, 28]
[34, 28]
[35, 28]
[36, 27]
[37, 27]
[38, 26]
[39, 26]
[40, 26]
[41, 26]
[42, 26]
[43, 26]
[44, 26]
[45, 26]
[46, 26]
[47, 26]
[48, 26]
[49, 26]
[50, 26]
[51, 26]
[52, 26]
[53, 26]
[54, 26]
[55, 26]
[56, 26]
[57, 26]
[58, 26]
[59, 26]
[60, 26]
[61, 26]
[62, 26]
[61, 25]
[62, 25]
[63, 25]
[64, 25]
[65, 25]
[66, 25]
[67, 25]
[67, 26]
[68, 26]
[67, 27]
[67, 28]
[68, 28]
[69, 28]
[70, 28]
[71, 28]
[72, 28]
[73, 28]
[74, 28]
[75, 28]
[76, 28]
[77, 28]
[78, 28]
[79, 27]
[80, 27]
[81, 27]
[82, 27]
[83, 27]
[84, 27]
[85, 27]
[86, 27]
[87, 26]
[88, 26]
[89, 26]
[90, 26]
[91, 26]
[92, 26]
[93, 26]
[94, 26]
[95, 26]
[96, 26]
[97, 27]
[98, 27]
[99, 27]
[100, 27]
[101, 27]
[102, 27]
[103, 27]
[104, 27]
[105, 27]
[106, 27]
[107, 27]
[108, 27]
[109, 27]
[110, 27]
[111, 27]
[112, 27]
[113, 27]
[114, 27]
[115, 27]
[116, 27]
[117, 27]
[118, 28]
[119, 28]
[120, 28]
[121, 28]
[122, 28]
[123, 28]
[124, 28]
[125, 28]
[126, 28]
[127, 28]
[128, 28]
[129, 28]
[128, 28]
[127, 29]
[128, 29]
[129, 29]
[130, 29]
[131, 29]
[132, 29]
[133, 29]
[134, 29]
[135, 29]
[136, 29]
[137, 29]
[138, 29]
[139, 29]
[140, 29]
[141, 30]
[142, 30]
[143, 30]
[144, 30]
[145, 30]
[146, 30]
[147, 30]
[148, 30]
[149, 30]
[150, 31]
[149, 30]
[150, 30]
[151, 30]
[152, 30]
[153, 30]
[154, 30]
[155, 30]
[156, 30]
[157, 30]
[158, 30]
[159, 30]
[160, 30]
[161, 30]
[162, 30]
[163, 30]
[164, 30]
[165, 30]
[166, 30]
[167, 30]
[168, 30]
[167, 29]
[168, 29]
[169, 29]
[170, 29]
[171, 29]
[172, 29]
[173, 29]
[174, 29]
[175, 29]
[176, 29]
[177, 29]
[178, 29]
[179, 29]
[180, 29]
[181, 29]
[182, 29]
[183, 29]
[184, 29]
[185, 29]
[186, 29]
[187, 29]
[188, 29]
[189, 29]
[190, 29]
[191, 29]
[192, 29]
[193, 29]
[194, 29]
[193, 30]
[194, 30]
[195, 30]
[196, 30]
[197, 30]
[198, 30]
[199, 30]
[200, 29]
[201, 30]
[202, 30]
[203, 30]
[204, 30]
[205, 30]
[205, 29]
[206, 29]
[207, 29]
[208, 29]
[209, 29]
[210, 29]
[211, 29]
[212, 29]
[213, 29]
[214, 29]
[215, 29]
[216, 29]
[217, 29]
[218, 29]
[219, 29]
[220, 29]
[221, 29]
[221, 30]
[221, 31]
