[51, 31]
[50, 31]
[49, 31]
[48, 30]
[47, 31]
[46, 32]
[45, 33]
[44, 34]
[43, 35]
[42, 36]
[41, 37]
[40, 38]
[39, 39]
[38, 40]
[37, 40]
[36, 41]
[35, 42]
[34, 43]
[33, 44]
[32, 45]
[31, 46]
[30, 47]
[29, 48]
[28, 49]
[27, 50]
[26, 51]
[25, 52]
[24, 53]
[23, 54]
[22, 55]
[21, 56]
[20, 57]
[19, 58]
[18, 59]
[17, 60]
[16, 61]
[15, 62]
[14, 63]
[13, 64]
[12, 65]
[11, 66]
[10, 67]
[9, 68]
[8, 69]
[7, 69]
[6, 70]
[5, 71]
[4, 72]
[3, 73]
[2, 74]
[1, 75]
[1, 76]
[1, 77]
[1, 78]
[1, 79]
[1, 80]
[1, 81]
[1, 82]
[1, 83]
[1, 84]
[1, 85]
[1, 86]
[1, 87]
[1, 88]
[1, 89]
[1, 90]
[1, 91]
[1, 92]
[1, 93]
[1, 94]
[1, 95]
[1, 96]
[1, 97]
[1, 96]
[1, 97]
[1, 98]
[1, 99]
[1, 100]
[1, 101]
[1, 102]
[1, 103]
[2, 103]
[1, 104]
[1, 105]
[1, 106]
[1, 107]
[1, 108]
[1, 107]
[1, 106]
[2, 106]
[1, 107]
[1, 108]
[1, 109]
[1, 110]
[1, 111]
[1, 112]
[1, 113]
[1, 114]
[1, 115]
[1, 116]
[1, 117]
[1, 118]
[1, 119]
[1, 120]
[1, 121]
[1, 122]
[1, 123]
[1, 124]
[2, 125]
[1, 126]
[1, 127]
[1, 128]
[1, 129]
[1, 130]
[1, 131]
[1, 132]
[1, 133]
[1, 134]
[1, 135]
[1, 136]
[1, 137]
[1, 138]
[1, 139]
[1, 140]
[1, 141]
[1, 142]
[1, 143]
[1, 144]
[1, 145]
[2, 146]
[1, 147]
[1, 147]
[1, 148]
[1, 149]
[1, 150]
[1, 151]
[1, 152]
[1, 153]
[1, 154]
[1, 155]
[1, 156]
[1, 157]
[1, 158]
[2, 157]
[1, 158]
[1, 159]
[1, 160]
[2, 159]
[1, 160]
[1, 161]
[1, 162]
[1, 163]
[1, 164]
[1, 165]
[1, 166]
[1, 167]
[1, 168]
[1, 169]
[1, 170]
[1, 171]
[1, 172]
[1, 173]
[1, 174]
[2, 174]
[1, 175]
[1, 176]
[1, 177]
[1, 178]
[1, 179]
[1, 180]
[2, 181]
[1, 182]
[1, 183]
[1, 184]
[1, 185]
[1, 186]
[1, 187]
[2, 187]
[1, 188]
[1, 189]
[1, 190]
[1, 191]
[1, 192]
[1, 193]
[1, 194]
[1, 193]
[1, 194]
[1, 195]
[1, 196]
[1, 197]
[1, 196]
[1, 197]
[1, 198]
[1, 199]
[1, 200]
[1, 201]
[1, 202]
[1, 203]
[1, 204]
[2, 203]
[1, 204]
[1, 205]
[1, 206]
[1, 205]
[1, 206]
[1, 207]
[1, 208]
[1, 209]
[2, 210]
[1, 211]
[1, 212]
[1, 212]
[1, 213]
[1, 214]
[1, 215]
[2, 215]
[1, 216]
[1, 217]
[1, 218]
[1, 219]
[1, 220]
[1, 221]
[1, 222]
[1, 223]
[1, 224]
[1, 225]
[1, 224]
[1, 225]
[1, 226]
[1, 227]
[1, 228]
[1, 229]
[1, 230]
[1, 231]
[1, 232]
[1, 233]
[1, 234]
[1, 235]
[1, 236]
[1, 237]
[1, 238]
[1, 239]
[1, 240]
[1, 241]
[1, 242]
[1, 243]
[1, 244]
[1, 245]
[1, 246]
[2, 245]
[2, 246]
[1, 247]
[1, 248]
[1, 249]
[1, 250]
[1, 251]
[1, 252]
[1, 253]
[1, 254]
[1, 255]
[1, 256]
[2, 255]
[1, 256]
[1, 256]
[1, 257]
[1, 258]
[1, 259]
[1, 260]
[1, 261]
[1, 262]
[1, 262]
[1, 263]
[1, 264]
[1, 265]
[1, 266]
[1, 265]
[1, 266]
[1, 267]
[1, 268]
[1, 269]
[2, 268]
[1, 269]
[1, 270]
[1, 271]
[1, 272]
[1, 273]
[1, 274]
[1, 275]
[2, 275]
[2, 276]
[3, 276]
[4, 276]
[5, 276]
[6, 276]
[7, 276]
[8, 276]
[9, 276]
[10, 276]
[11, 276]
[12, 276]
[13, 276]
[14, 276]
[15, 276]
[16, 276]
[17, 276]
[18, 276]
[19, 276]
[20, 276]
[21, 276]
[22, 276]
[23, 276]
[24, 276]
[25, 276]
[26, 276]
[27, 276]
[28, 276]
[29, 276]
[30, 276]
[31, 276]
[32, 276]
[33, 276]
[34, 276]
[35, 276]
[36, 276]
[36, 275]
[37, 275]
[38, 275]
[39, 275]
[40, 275]
[41, 275]
[41, 276]
[42, 276]
[43, 276]
[44, 276]
[45, 276]
[46, 276]
[47, 276]
[48, 276]
[49, 276]
[49, 275]
[50, 275]
